   Compiling mtg-core v0.0.0 (/home/agent/.local/share/mtg-lab-symphony/workspaces/GH-75/crates/mtg-core)
    Finished `test` profile [unoptimized + debuginfo] target(s) in 1.82s
     Running tests/replay.rs (target/debug/deps/replay-0f13caf1c5012784)

running 1 test
test replay_semantic_bottom_and_illegal_choices_are_strict ... FAILED

failures:

---- replay_semantic_bottom_and_illegal_choices_are_strict stdout ----

thread 'replay_semantic_bottom_and_illegal_choices_are_strict' (812) panicked at crates/mtg-core/tests/replay.rs:272:9:
assertion `left == right` failed
  left: Ok([123, 34, 102, 111, 114, 109, 97, 116, 34, 58, 34, 109, 116, 103, 45, 99, 111, 114, 101, 45, 111, 112, 101, 110, 105, 110, 103, 45, 114, 101, 112, 108, 97, 121, 34, 44, 34, 118, 101, 114, 115, 105, 111, 110, 34, 58, 49, 44, 34, 101, 110, 103, 105, 110, 101, 34, 58, 34, 55, 52, 50, 102, 50, 99, 102, 57, 99, 48, 48, 53, 50, 100, 49, 50, 50, 98, 48, 51, 55, 102, 101, 48, 53, 51, 97, 52, 99, 53, 98, 51, 50, 100, 99, 50, 56, 99, 49, 50, 100, 52, 52, 51, 97, 56, 100, 57, 100, 55, 56, 56, 56, 98, 99, 57, 51, 99, 55, 52, 56, 98, 54, 97, 34, 44, 34, 114, 117, 108, 101, 115, 34, 58, 34, 55, 100, 101, 48, 55, 98, 48, 56, 52, 57, 101, 57, 55, 55, 100, 48, 98, 52, 51, 57, 51, 52, 98, 57, 56, 56, 56, 57, 49, 98, 100, 102, 50, 50, 51, 49, 102, 99, 101, 97, 100, 100, 98, 52, 48, 51, 55, 56, 99, 49, 100, 49, 99, 97, 49, 54, 50, 50, 51, 55, 102, 53, 51, 51, 34, 44, 34, 99, 97, 114, 100, 115, 34, 58, 34, 53, 54, 55, 100, 99, 48, 53, 48, 102, 54, 99, 51, 97, 100, 51, 56, 50, 102, 99, 53, 56, 98, 54, 51, 52, 54, 55, 48, 98, 56, 100, 54, 57, 53, 101, 100, 51, 57, 53, 97, 49, 101, 51, 49, 101, 101, 53, 48, 99, 49, 51, 99, 48, 100, 100, 101, 50, 102, 50, 55, 101, 50, 51, 53, 34, 44, 34, 114, 110, 103, 34, 58, 34, 115, 112, 108, 105, 116, 109, 105, 120, 54, 52, 45, 118, 49, 34, 44, 34, 115, 104, 117, 102, 102, 108, 101, 34, 58, 34, 102, 105, 115, 104, 101, 114, 45, 121, 97, 116, 101, 115, 45, 114, 101, 106, 101, 99, 116, 105, 111, 110, 45, 118, 49, 34, 44, 34, 99, 111, 110, 102, 105, 103, 95, 115, 104, 97, 50, 53, 54, 34, 58, 34, 57, 99, 49, 97, 48, 49, 53, 53, 54, 51, 97, 100, 51, 98, 98, 49, 100, 50, 53, 50, 55, 102, 101, 50, 51, 52, 97, 48, 97, 98, 98, 57, 101, 101, 100, 99, 56, 101, 56, 99, 101, 55, 52, 97, 49, 54, 56, 57, 50, 50, 98, 53, 49, 98, 57, 48, 99, 51, 56, 50, 101, 49, 57, 101, 34, 44, 34, 99, 111, 110, 102, 105, 103, 34, 58, 123, 34, 102, 111, 114, 109, 97, 116, 34, 58, 34, 102, 111, 117, 110, 100, 97, 116, 105, 111, 110, 115, 95, 109, 105, 99, 114, 111, 95, 118, 49, 34, 44, 34, 115, 101, 97, 116, 115, 34, 58, 91, 123, 34, 100, 101, 99, 107, 34, 58, 34, 114, 101, 100, 34, 44, 34, 111, 114, 100, 101, 114, 34, 58, 110, 117, 108, 108, 125, 44, 123, 34, 100, 101, 99, 107, 34, 58, 34, 103, 114, 101, 101, 110, 34, 44, 34, 111, 114, 100, 101, 114, 34, 58, 110, 117, 108, 108, 125, 93, 44, 34, 115, 116, 97, 114, 116, 105, 110, 103, 95, 115, 101, 97, 116, 34, 58, 48, 44, 34, 103, 97, 109, 101, 95, 110, 117, 109, 98, 101, 114, 34, 58, 49, 44, 34, 115, 105, 100, 101, 98, 111, 97, 114, 100, 115, 34, 58, 102, 97, 108, 115, 101, 44, 34, 114, 110, 103, 95, 118, 101, 114, 115, 105, 111, 110, 34, 58, 34, 115, 112, 108, 105, 116, 109, 105, 120, 54, 52, 45, 118, 49, 34, 44, 34, 115, 104, 117, 102, 102, 108, 101, 95, 118, 101, 114, 115, 105, 111, 110, 34, 58, 34, 102, 105, 115, 104, 101, 114, 45, 121, 97, 116, 101, 115, 45, 114, 101, 106, 101, 99, 116, 105, 111, 110, 45, 118, 49, 34, 125, 44, 34, 109, 97, 115, 116, 101, 114, 34, 58, 52, 50, 44, 34, 101, 112, 105, 115, 111, 100, 101, 34, 58, 57, 44, 34, 105, 110, 105, 116, 105, 97, 108, 34, 58, 123, 34, 108, 105, 102, 101, 34, 58, 91, 50, 48, 44, 50, 48, 93, 44, 34, 104, 97, 110, 100, 115, 34, 58, 91, 91, 34, 102, 105, 114, 101, 98, 114, 97, 110, 100, 45, 97, 114, 99, 104, 101, 114, 34, 44, 34, 109, 111, 117, 110, 116, 97, 105, 110, 34, 44, 34, 109, 111, 117, 110, 116, 97, 105, 110, 34, 44, 34, 100, 114, 97, 103, 111, 110, 45, 102, 111, 100, 100, 101, 114, 34, 44, 34, 109, 111, 117, 110, 116, 97, 105, 110, 34, 44, 34, 109, 111, 117, 110, 116, 97, 105, 110, 34, 44, 34, 109, 111, 117, 110, 116, 97, 105, 110, 34, 93, 44, 91, 34, 98, 101, 97, 114, 45, 99, 117, 98, 34, 44, 34, 98, 105, 116, 101, 45, 100, 111, 119, 110, 34, 44, 34, 116, 97, 106, 117, 114, 117, 45, 112, 97, 116, 104, 119, 97, 114, 100, 101, 110, 34, 44, 34, 98, 105, 116, 101, 45, 100, 111, 119, 110, 34, 44, 34, 108, 108, 97, 110, 111, 119, 97, 114, 45, 101, 108, 118, 101, 115, 34, 44, 34, 103, 105, 97, 110, 116, 45, 103, 114, 111, 119, 116, 104, 34, 44, 34, 119, 105, 108, 100, 104, 101, 97, 114, 116, 45, 105, 110, 118, 111, 107, 101, 114, 34, 93, 93, 44, 34, 108, 105, 98, 114, 97, 114, 105, 101, 115, 34, 58, 91, 91, 34, 115, 119, 97, 98, 45, 103, 111, 98, 108, 105, 110, 34, 44, 34, 116, 104, 114, 105, 108, 108, 45, 111, 102, 45, 112, 111, 115, 115, 105, 98, 105, 108, 105, 116, 121, 34, 44, 34, 97, 120, 103, 97, 114, 100, 45, 99, 97, 118, 97, 108, 114, 121, 34, 44, 34, 99, 114, 97, 99, 107, 108, 105, 110, 103, 45, 99, 121, 99, 108, 111, 112, 115, 34, 44, 34, 109, 111, 117, 110, 116, 97, 105, 110, 34, 44, 34, 118, 105, 97, 115, 104, 105, 110, 111, 45, 112, 121, 114, 111, 109, 97, 110, 99, 101, 114, 34, 44, 34, 109, 111, 117, 110, 116, 97, 105, 110, 34, 44, 34, 109, 111, 117, 110, 116, 97, 105, 110, 34, 44, 34, 109, 111, 117, 110, 116, 97, 105, 110, 34, 44, 34, 115, 119, 97, 98, 45, 103, 111, 98, 108, 105, 110, 34, 44, 34, 103, 111, 98, 108, 105, 110, 45, 115, 117, 114, 112, 114, 105, 115, 101, 34, 44, 34, 115, 119, 97, 98, 45, 103, 111, 98, 108, 105, 110, 34, 44, 34, 102, 105, 114, 101, 98, 114, 97, 110, 100, 45, 97, 114, 99, 104, 101, 114, 34, 44, 34, 109, 111, 117, 110, 116, 97, 105, 110, 34, 44, 34, 100, 114, 97, 103, 111, 110, 45, 102, 111, 100, 100, 101, 114, 34, 44, 34, 100, 114, 97, 103, 111, 110, 45, 102, 111, 100, 100, 101, 114, 34, 44, 34, 99, 114, 97, 99, 107, 108, 105, 110, 103, 45, 99, 121, 99, 108, 111, 112, 115, 34, 44, 34, 109, 111, 117, 110, 116, 97, 105, 110, 34, 44, 34, 102, 105, 114, 101, 98, 114, 97, 110, 100, 45, 97, 114, 99, 104, 101, 114, 34, 44, 34, 103, 111, 98, 108, 105, 110, 45, 115, 117, 114, 112, 114, 105, 115, 101, 34, 44, 34, 116, 104, 114, 105, 108, 108, 45, 111, 102, 45, 112, 111, 115, 115, 105, 98, 105, 108, 105, 116, 121, 34, 44, 34, 99, 114, 97, 99, 107, 108, 105, 110, 103, 45, 99, 121, 99, 108, 111, 112, 115, 34, 44, 34, 109, 111, 117, 110, 116, 97, 105, 110, 34, 44, 34, 115, 104, 105, 118, 97, 110, 45, 100, 114, 97, 103, 111, 110, 34, 44, 34, 97, 120, 103, 97, 114, 100, 45, 99, 97, 118, 97, 108, 114, 121, 34, 44, 34, 109, 111, 117, 110, 116, 97, 105, 110, 34, 44, 34, 109, 111, 117, 110, 116, 97, 105, 110, 34, 44, 34, 115, 119, 97, 98, 45, 103, 111, 98, 108, 105, 110, 34, 44, 34, 109, 111, 117, 110, 116, 97, 105, 110, 34, 44, 34, 118, 105, 97, 115, 104, 105, 110, 111, 45, 112, 121, 114, 111, 109, 97, 110, 99, 101, 114, 34, 44, 34, 109, 111, 117, 110, 116, 97, 105, 110, 34, 44, 34, 115, 104, 105, 118, 97, 110, 45, 100, 114, 97, 103, 111, 110, 34, 44, 34, 100, 114, 97, 103, 111, 110, 45, 102, 111, 100, 100, 101, 114, 34, 93, 44, 91, 34, 100, 114, 117, 105, 100, 45, 111, 102, 45, 116, 104, 101, 45, 99, 111, 119, 108, 34, 44, 34, 98, 101, 97, 114, 45, 99, 117, 98, 34, 44, 34, 98, 101, 97, 114, 45, 99, 117, 98, 34, 44, 34, 102, 111, 114, 101, 115, 116, 34, 44, 34, 108, 108, 97, 110, 111, 119, 97, 114, 45, 101, 108, 118, 101, 115, 34, 44, 34, 102, 111, 114, 101, 115, 116, 34, 44, 34, 103, 105, 97, 110, 116, 45, 103, 114, 111, 119, 116, 104, 34, 44, 34, 100, 114, 117, 105, 100, 45, 111, 102, 45, 116, 104, 101, 45, 99, 111, 119, 108, 34, 44, 34, 102, 111, 114, 101, 115, 116, 34, 44, 34, 103, 105, 97, 110, 116, 45, 103, 114, 111, 119, 116, 104, 34, 44, 34, 102, 111, 114, 101, 115, 116, 34, 44, 34, 102, 111, 114, 101, 115, 116, 34, 44, 34, 116, 104, 111, 114, 110, 119, 101, 97, 108, 100, 45, 97, 114, 99, 104, 101, 114, 34, 44, 34, 116, 97, 106, 117, 114, 117, 45, 112, 97, 116, 104, 119, 97, 114, 100, 101, 110, 34, 44, 34, 108, 108, 97, 110, 111, 119, 97, 114, 45, 101, 108, 118, 101, 115, 34, 44, 34, 116, 104, 111, 114, 110, 119, 101, 97, 108, 100, 45, 97, 114, 99, 104, 101, 114, 34, 44, 34, 102, 111, 114, 101, 115, 116, 34, 44, 34, 102, 111, 114, 101, 115, 116, 34, 44, 34, 98, 101, 97, 114, 45, 99, 117, 98, 34, 44, 34, 102, 111, 114, 101, 115, 116, 34, 44, 34, 102, 111, 114, 101, 115, 116, 34, 44, 34, 102, 111, 114, 101, 115, 116, 34, 44, 34, 109, 97, 103, 110, 105, 103, 111, 116, 104, 45, 115, 101, 110, 116, 114, 121, 34, 44, 34, 98, 105, 116, 101, 45, 100, 111, 119, 110, 34, 44, 34, 102, 111, 114, 101, 115, 116, 34, 44, 34, 109, 97, 103, 110, 105, 103, 111, 116, 104, 45, 115, 101, 110, 116, 114, 121, 34, 44, 34, 102, 111, 114, 101, 115, 116, 34, 44, 34, 102, 111, 114, 101, 115, 116, 34, 44, 34, 119, 105, 108, 100, 104, 101, 97, 114, 116, 45, 105, 110, 118, 111, 107, 101, 114, 34, 44, 34, 102, 111, 114, 101, 115, 116, 34, 44, 34, 102, 111, 114, 101, 115, 116, 34, 44, 34, 102, 111, 114, 101, 115, 116, 34, 44, 34, 116, 104, 111, 114, 110, 119, 101, 97, 108, 100, 45, 97, 114, 99, 104, 101, 114, 34, 93, 93, 44, 34, 115, 116, 97, 114, 116, 105, 110, 103, 34, 58, 34, 80, 48, 34, 44, 34, 107, 101, 112, 116, 34, 58, 91, 102, 97, 108, 115, 101, 44, 102, 97, 108, 115, 101, 93, 44, 34, 100, 101, 99, 108, 97, 114, 97, 116, 105, 111, 110, 115, 34, 58, 91, 110, 117, 108, 108, 44, 110, 117, 108, 108, 93, 44, 34, 109, 117, 108, 108, 105, 103, 97, 110, 115, 34, 58, 91, 48, 44, 48, 93, 44, 34, 110, 101, 101, 100, 115, 95, 98, 111, 116, 116, 111, 109, 34, 58, 91, 102, 97, 108, 115, 101, 44, 102, 97, 108, 115, 101, 93, 44, 34, 100, 101, 99, 105, 115, 105, 111, 110, 34, 58, 91, 34, 80, 48, 34, 44, 34, 75, 101, 101, 112, 79, 114, 77, 117, 108, 108, 105, 103, 97, 110, 34, 93, 44, 34, 114, 110, 103, 34, 58, 123, 34, 115, 116, 97, 116, 101, 34, 58, 49, 54, 49, 54, 53, 50, 54, 54, 56, 48, 49, 52, 52, 52, 49, 51, 49, 50, 53, 52, 125, 125, 44, 34, 99, 104, 111, 105, 99, 101, 115, 34, 58, 91, 123, 34, 99, 104, 111, 105, 99, 101, 34, 58, 123, 34, 97, 99, 116, 111, 114, 34, 58, 34, 80, 48, 34, 44, 34, 97, 99, 116, 105, 111, 110, 34, 58, 123, 34, 107, 105, 110, 100, 34, 58, 34, 77, 117, 108, 108, 105, 103, 97, 110, 34, 125, 125, 44, 34, 97, 102, 116, 101, 114, 34, 58, 123, 34, 108, 105, 102, 101, 34, 58, 91, 50, 48, 44, 50, 48, 93, 44, 34, 104, 97, 110, 100, 115, 34, 58, 91, 91, 34, 102, 105, 114, 101, 98, 114, 97, 110, 100, 45, 97, 114, 99, 104, 101, 114, 34, 44, 34, 109, 111, 117, 110, 116, 97, 105, 110, 34, 44, 34, 109, 111, 117, 110, 116, 97, 105, 110, 34, 44, 34, 100, 114, 97, 103, 111, 110, 45, 102, 111, 100, 100, 101, 114, 34, 44, 34, 109, 111, 117, 110, 116, 97, 105, 110, 34, 44, 34, 109, 111, 117, 110, 116, 97, 105, 110, 34, 44, 34, 109, 111, 117, 110, 116, 97, 105, 110, 34, 93, 44, 91, 34, 98, 101, 97, 114, 45, 99, 117, 98, 34, 44, 34, 98, 105, 116, 101, 45, 100, 111, 119, 110, 34, 44, 34, 116, 97, 106, 117, 114, 117, 45, 112, 97, 116, 104, 119, 97, 114, 100, 101, 110, 34, 44, 34, 98, 105, 116, 101, 45, 100, 111, 119, 110, 34, 44, 34, 108, 108, 97, 110, 111, 119, 97, 114, 45, 101, 108, 118, 101, 115, 34, 44, 34, 103, 105, 97, 110, 116, 45, 103, 114, 111, 119, 116, 104, 34, 44, 34, 119, 105, 108, 100, 104, 101, 97, 114, 116, 45, 105, 110, 118, 111, 107, 101, 114, 34, 93, 93, 44, 34, 108, 105, 98, 114, 97, 114, 105, 101, 115, 34, 58, 91, 91, 34, 115, 119, 97, 98, 45, 103, 111, 98, 108, 105, 110, 34, 44, 34, 116, 104, 114, 105, 108, 108, 45, 111, 102, 45, 112, 111, 115, 115, 105, 98, 105, 108, 105, 116, 121, 34, 44, 34, 97, 120, 103, 97, 114, 100, 45, 99, 97, 118, 97, 108, 114, 121, 34, 44, 34, 99, 114, 97, 99, 107, 108, 105, 110, 103, 45, 99, 121, 99, 108, 111, 112, 115, 34, 44, 34, 109, 111, 117, 110, 116, 97, 105, 110, 34, 44, 34, 118, 105, 97, 115, 104, 105, 110, 111, 45, 112, 121, 114, 111, 109, 97, 110, 99, 101, 114, 34, 44, 34, 109, 111, 117, 110, 116, 97, 105, 110, 34, 44, 34, 109, 111, 117, 110, 116, 97, 105, 110, 34, 44, 34, 109, 111, 117, 110, 116, 97, 105, 110, 34, 44, 34, 115, 119, 97, 98, 45, 103, 111, 98, 108, 105, 110, 34, 44, 34, 103, 111, 98, 108, 105, 110, 45, 115, 117, 114, 112, 114, 105, 115, 101, 34, 44, 34, 115, 119, 97, 98, 45, 103, 111, 98, 108, 105, 110, 34, 44, 34, 102, 105, 114, 101, 98, 114, 97, 110, 100, 45, 97, 114, 99, 104, 101, 114, 34, 44, 34, 109, 111, 117, 110, 116, 97, 105, 110, 34, 44, 34, 100, 114, 97, 103, 111, 110, 45, 102, 111, 100, 100, 101, 114, 34, 44, 34, 100, 114, 97, 103, 111, 110, 45, 102, 111, 100, 100, 101, 114, 34, 44, 34, 99, 114, 97, 99, 107, 108, 105, 110, 103, 45, 99, 121, 99, 108, 111, 112, 115, 34, 44, 34, 109, 111, 117, 110, 116, 97, 105, 110, 34, 44, 34, 102, 105, 114, 101, 98, 114, 97, 110, 100, 45, 97, 114, 99, 104, 101, 114, 34, 44, 34, 103, 111, 98, 108, 105, 110, 45, 115, 117, 114, 112, 114, 105, 115, 101, 34, 44, 34, 116, 104, 114, 105, 108, 108, 45, 111, 102, 45, 112, 111, 115, 115, 105, 98, 105, 108, 105, 116, 121, 34, 44, 34, 99, 114, 97, 99, 107, 108, 105, 110, 103, 45, 99, 121, 99, 108, 111, 112, 115, 34, 44, 34, 109, 111, 117, 110, 116, 97, 105, 110, 34, 44, 34, 115, 104, 105, 118, 97, 110, 45, 100, 114, 97, 103, 111, 110, 34, 44, 34, 97, 120, 103, 97, 114, 100, 45, 99, 97, 118, 97, 108, 114, 121, 34, 44, 34, 109, 111, 117, 110, 116, 97, 105, 110, 34, 44, 34, 109, 111, 117, 110, 116, 97, 105, 110, 34, 44, 34, 115, 119, 97, 98, 45, 103, 111, 98, 108, 105, 110, 34, 44, 34, 109, 111, 117, 110, 116, 97, 105, 110, 34, 44, 34, 118, 105, 97, 115, 104, 105, 110, 111, 45, 112, 121, 114, 111, 109, 97, 110, 99, 101, 114, 34, 44, 34, 109, 111, 117, 110, 116, 97, 105, 110, 34, 44, 34, 115, 104, 105, 118, 97, 110, 45, 100, 114, 97, 103, 111, 110, 34, 44, 34, 100, 114, 97, 103, 111, 110, 45, 102, 111, 100, 100, 101, 114, 34, 93, 44, 91, 34, 100, 114, 117, 105, 100, 45, 111, 102, 45, 116, 104, 101, 45, 99, 111, 119, 108, 34, 44, 34, 98, 101, 97, 114, 45, 99, 117, 98, 34, 44, 34, 98, 101, 97, 114, 45, 99, 117, 98, 34, 44, 34, 102, 111, 114, 101, 115, 116, 34, 44, 34, 108, 108, 97, 110, 111, 119, 97, 114, 45, 101, 108, 118, 101, 115, 34, 44, 34, 102, 111, 114, 101, 115, 116, 34, 44, 34, 103, 105, 97, 110, 116, 45, 103, 114, 111, 119, 116, 104, 34, 44, 34, 100, 114, 117, 105, 100, 45, 111, 102, 45, 116, 104, 101, 45, 99, 111, 119, 108, 34, 44, 34, 102, 111, 114, 101, 115, 116, 34, 44, 34, 103, 105, 97, 110, 116, 45, 103, 114, 111, 119, 116, 104, 34, 44, 34, 102, 111, 114, 101, 115, 116, 34, 44, 34, 102, 111, 114, 101, 115, 116, 34, 44, 34, 116, 104, 111, 114, 110, 119, 101, 97, 108, 100, 45, 97, 114, 99, 104, 101, 114, 34, 44, 34, 116, 97, 106, 117, 114, 117, 45, 112, 97, 116, 104, 119, 97, 114, 100, 101, 110, 34, 44, 34, 108, 108, 97, 110, 111, 119, 97, 114, 45, 101, 108, 118, 101, 115, 34, 44, 34, 116, 104, 111, 114, 110, 119, 101, 97, 108, 100, 45, 97, 114, 99, 104, 101, 114, 34, 44, 34, 102, 111, 114, 101, 115, 116, 34, 44, 34, 102, 111, 114, 101, 115, 116, 34, 44, 34, 98, 101, 97, 114, 45, 99, 117, 98, 34, 44, 34, 102, 111, 114, 101, 115, 116, 34, 44, 34, 102, 111, 114, 101, 115, 116, 34, 44, 34, 102, 111, 114, 101, 115, 116, 34, 44, 34, 109, 97, 103, 110, 105, 103, 111, 116, 104, 45, 115, 101, 110, 116, 114, 121, 34, 44, 34, 98, 105, 116, 101, 45, 100, 111, 119, 110, 34, 44, 34, 102, 111, 114, 101, 115, 116, 34, 44, 34, 109, 97, 103, 110, 105, 103, 111, 116, 104, 45, 115, 101, 110, 116, 114, 121, 34, 44, 34, 102, 111, 114, 101, 115, 116, 34, 44, 34, 102, 111, 114, 101, 115, 116, 34, 44, 34, 119, 105, 108, 100, 104, 101, 97, 114, 116, 45, 105, 110, 118, 111, 107, 101, 114, 34, 44, 34, 102, 111, 114, 101, 115, 116, 34, 44, 34, 102, 111, 114, 101, 115, 116, 34, 44, 34, 102, 111, 114, 101, 115, 116, 34, 44, 34, 116, 104, 111, 114, 110, 119, 101, 97, 108, 100, 45, 97, 114, 99, 104, 101, 114, 34, 93, 93, 44, 34, 115, 116, 97, 114, 116, 105, 110, 103, 34, 58, 34, 80, 48, 34, 44, 34, 107, 101, 112, 116, 34, 58, 91, 102, 97, 108, 115, 101, 44, 102, 97, 108, 115, 101, 93, 44, 34, 100, 101, 99, 108, 97, 114, 97, 116, 105, 111, 110, 115, 34, 58, 91, 34, 77, 117, 108, 108, 105, 103, 97, 110, 34, 44, 110, 117, 108, 108, 93, 44, 34, 109, 117, 108, 108, 105, 103, 97, 110, 115, 34, 58, 91, 48, 44, 48, 93, 44, 34, 110, 101, 101, 100, 115, 95, 98, 111, 116, 116, 111, 109, 34, 58, 91, 102, 97, 108, 115, 101, 44, 102, 97, 108, 115, 101, 93, 44, 34, 100, 101, 99, 105, 115, 105, 111, 110, 34, 58, 91, 34, 80, 49, 34, 44, 34, 75, 101, 101, 112, 79, 114, 77, 117, 108, 108, 105, 103, 97, 110, 34, 93, 44, 34, 114, 110, 103, 34, 58, 123, 34, 115, 116, 97, 116, 101, 34, 58, 49, 54, 49, 54, 53, 50, 54, 54, 56, 48, 49, 52, 52, 52, 49, 51, 49, 50, 53, 52, 125, 125, 125, 44, 123, 34, 99, 104, 111, 105, 99, 101, 34, 58, 123, 34, 97, 99, 116, 111, 114, 34, 58, 34, 80, 49, 34, 44, 34, 97, 99, 116, 105, 111, 110, 34, 58, 123, 34, 107, 105, 110, 100, 34, 58, 34, 77, 117, 108, 108, 105, 103, 97, 110, 34, 125, 125, 44, 34, 97, 102, 116, 101, 114, 34, 58, 123, 34, 108, 105, 102, 101, 34, 58, 91, 50, 48, 44, 50, 48, 93, 44, 34, 104, 97, 110, 100, 115, 34, 58, 91, 91, 34, 109, 111, 117, 110, 116, 97, 105, 110, 34, 44, 34, 100, 114, 97, 103, 111, 110, 45, 102, 111, 100, 100, 101, 114, 34, 44, 34, 99, 114, 97, 99, 107, 108, 105, 110, 103, 45, 99, 121, 99, 108, 111, 112, 115, 34, 44, 34, 115, 119, 97, 98, 45, 103, 111, 98, 108, 105, 110, 34, 44, 34, 100, 114, 97, 103, 111, 110, 45, 102, 111, 100, 100, 101, 114, 34, 44, 34, 109, 111, 117, 110, 116, 97, 105, 110, 34, 44, 34, 109, 111, 117, 110, 116, 97, 105, 110, 34, 93, 44, 91, 34, 103, 105, 97, 110, 116, 45, 103, 114, 111, 119, 116, 104, 34, 44, 34, 119, 105, 108, 100, 104, 101, 97, 114, 116, 45, 105, 110, 118, 111, 107, 101, 114, 34, 44, 34, 109, 97, 103, 110, 105, 103, 111, 116, 104, 45, 115, 101, 110, 116, 114, 121, 34, 44, 34, 102, 111, 114, 101, 115, 116, 34, 44, 34, 102, 111, 114, 101, 115, 116, 34, 44, 34, 116, 104, 111, 114, 110, 119, 101, 97, 108, 100, 45, 97, 114, 99, 104, 101, 114, 34, 44, 34, 116, 104, 111, 114, 110, 119, 101, 97, 108, 100, 45, 97, 114, 99, 104, 101, 114, 34, 93, 93, 44, 34, 108, 105, 98, 114, 97, 114, 105, 101, 115, 34, 58, 91, 91, 34, 103, 111, 98, 108, 105, 110, 45, 115, 117, 114, 112, 114, 105, 115, 101, 34, 44, 34, 99, 114, 97, 99, 107, 108, 105, 110, 103, 45, 99, 121, 99, 108, 111, 112, 115, 34, 44, 34, 109, 111, 117, 110, 116, 97, 105, 110, 34, 44, 34, 109, 111, 117, 110, 116, 97, 105, 110, 34, 44, 34, 109, 111, 117, 110, 116, 97, 105, 110, 34, 44, 34, 116, 104, 114, 105, 108, 108, 45, 111, 102, 45, 112, 111, 115, 115, 105, 98, 105, 108, 105, 116, 121, 34, 44, 34, 99, 114, 97, 99, 107, 108, 105, 110, 103, 45, 99, 121, 99, 108, 111, 112, 115, 34, 44, 34, 109, 111, 117, 110, 116, 97, 105, 110, 34, 44, 34, 109, 111, 117, 110, 116, 97, 105, 110, 34, 44, 34, 109, 111, 117, 110, 116, 97, 105, 110, 34, 44, 34, 109, 111, 117, 110, 116, 97, 105, 110, 34, 44, 34, 118, 105, 97, 115, 104, 105, 110, 111, 45, 112, 121, 114, 111, 109, 97, 110, 99, 101, 114, 34, 44, 34, 100, 114, 97, 103, 111, 110, 45, 102, 111, 100, 100, 101, 114, 34, 44, 34, 118, 105, 97, 115, 104, 105, 110, 111, 45, 112, 121, 114, 111, 109, 97, 110, 99, 101, 114, 34, 44, 34, 109, 111, 117, 110, 116, 97, 105, 110, 34, 44, 34, 102, 105, 114, 101, 98, 114, 97, 110, 100, 45, 97, 114, 99, 104, 101, 114, 34, 44, 34, 97, 120, 103, 97, 114, 100, 45, 99, 97, 118, 97, 108, 114, 121, 34, 44, 34, 115, 119, 97, 98, 45, 103, 111, 98, 108, 105, 110, 34, 44, 34, 115, 104, 105, 118, 97, 110, 45, 100, 114, 97, 103, 111, 110, 34, 44, 34, 109, 111, 117, 110, 116, 97, 105, 110, 34, 44, 34, 103, 111, 98, 108, 105, 110, 45, 115, 117, 114, 112, 114, 105, 115, 101, 34, 44, 34, 115, 119, 97, 98, 45, 103, 111, 98, 108, 105, 110, 34, 44, 34, 115, 104, 105, 118, 97, 110, 45, 100, 114, 97, 103, 111, 110, 34, 44, 34, 109, 111, 117, 110, 116, 97, 105, 110, 34, 44, 34, 102, 105, 114, 101, 98, 114, 97, 110, 100, 45, 97, 114, 99, 104, 101, 114, 34, 44, 34, 97, 120, 103, 97, 114, 100, 45, 99, 97, 118, 97, 108, 114, 121, 34, 44, 34, 109, 111, 117, 110, 116, 97, 105, 110, 34, 44, 34, 116, 104, 114, 105, 108, 108, 45, 111, 102, 45, 112, 111, 115, 115, 105, 98, 105, 108, 105, 116, 121, 34, 44, 34, 100, 114, 97, 103, 111, 110, 45, 102, 111, 100, 100, 101, 114, 34, 44, 34, 109, 111, 117, 110, 116, 97, 105, 110, 34, 44, 34, 109, 111, 117, 110, 116, 97, 105, 110, 34, 44, 34, 115, 119, 97, 98, 45, 103, 111, 98, 108, 105, 110, 34, 44, 34, 102, 105, 114, 101, 98, 114, 97, 110, 100, 45, 97, 114, 99, 104, 101, 114, 34, 93, 44, 91, 34, 108, 108, 97, 110, 111, 119, 97, 114, 45, 101, 108, 118, 101, 115, 34, 44, 34, 108, 108, 97, 110, 111, 119, 97, 114, 45, 101, 108, 118, 101, 115, 34, 44, 34, 103, 105, 97, 110, 116, 45, 103, 114, 111, 119, 116, 104, 34, 44, 34, 102, 111, 114, 101, 115, 116, 34, 44, 34, 100, 114, 117, 105, 100, 45, 111, 102, 45, 116, 104, 101, 45, 99, 111, 119, 108, 34, 44, 34, 98, 101, 97, 114, 45, 99, 117, 98, 34, 44, 34, 98, 105, 116, 101, 45, 100, 111, 119, 110, 34, 44, 34, 116, 104, 111, 114, 110, 119, 101, 97, 108, 100, 45, 97, 114, 99, 104, 101, 114, 34, 44, 34, 102, 111, 114, 101, 115, 116, 34, 44, 34, 103, 105, 97, 110, 116, 45, 103, 114, 111, 119, 116, 104, 34, 44, 34, 102, 111, 114, 101, 115, 116, 34, 44, 34, 98, 101, 97, 114, 45, 99, 117, 98, 34, 44, 34, 102, 111, 114, 101, 115, 116, 34, 44, 34, 102, 111, 114, 101, 115, 116, 34, 44, 34, 98, 101, 97, 114, 45, 99, 117, 98, 34, 44, 34, 116, 97, 106, 117, 114, 117, 45, 112, 97, 116, 104, 119, 97, 114, 100, 101, 110, 34, 44, 34, 98, 105, 116, 101, 45, 100, 111, 119, 110, 34, 44, 34, 102, 111, 114, 101, 115, 116, 34, 44, 34, 98, 101, 97, 114, 45, 99, 117, 98, 34, 44, 34, 109, 97, 103, 110, 105, 103, 111, 116, 104, 45, 115, 101, 110, 116, 114, 121, 34, 44, 34, 100, 114, 117, 105, 100, 45, 111, 102, 45, 116, 104, 101, 45, 99, 111, 119, 108, 34, 44, 34, 102, 111, 114, 101, 115, 116, 34, 44, 34, 102, 111, 114, 101, 115, 116, 34, 44, 34, 98, 105, 116, 101, 45, 100, 111, 119, 110, 34, 44, 34, 102, 111, 114, 101, 115, 116, 34, 44, 34, 119, 105, 108, 100, 104, 101, 97, 114, 116, 45, 105, 110, 118, 111, 107, 101, 114, 34, 44, 34, 116, 97, 106, 117, 114, 117, 45, 112, 97, 116, 104, 119, 97, 114, 100, 101, 110, 34, 44, 34, 102, 111, 114, 101, 115, 116, 34, 44, 34, 102, 111, 114, 101, 115, 116, 34, 44, 34, 102, 111, 114, 101, 115, 116, 34, 44, 34, 108, 108, 97, 110, 111, 119, 97, 114, 45, 101, 108, 118, 101, 115, 34, 44, 34, 102, 111, 114, 101, 115, 116, 34, 44, 34, 102, 111, 114, 101, 115, 116, 34, 93, 93, 44, 34, 115, 116, 97, 114, 116, 105, 110, 103, 34, 58, 34, 80, 48, 34, 44, 34, 107, 101, 112, 116, 34, 58, 91, 102, 97, 108, 115, 101, 44, 102, 97, 108, 115, 101, 93, 44, 34, 100, 101, 99, 108, 97, 114, 97, 116, 105, 111, 110, 115, 34, 58, 91, 110, 117, 108, 108, 44, 110, 117, 108, 108, 93, 44, 34, 109, 117, 108, 108, 105, 103, 97, 110, 115, 34, 58, 91, 49, 44, 49, 93, 44, 34, 110, 101, 101, 100, 115, 95, 98, 111, 116, 116, 111, 109, 34, 58, 91, 116, 114, 117, 101, 44, 116, 114, 117, 101, 93, 44, 34, 100, 101, 99, 105, 115, 105, 111, 110, 34, 58, 91, 34, 80, 48, 34, 44, 123, 34, 66, 111, 116, 116, 111, 109, 34, 58, 123, 34, 99, 111, 117, 110, 116, 34, 58, 49, 125, 125, 93, 44, 34, 114, 110, 103, 34, 58, 123, 34, 115, 116, 97, 116, 101, 34, 58, 49, 53, 51, 48, 53, 54, 51, 48, 57, 54, 56, 56, 53, 53, 56, 51, 57, 48, 48, 125, 125, 125, 44, 123, 34, 99, 104, 111, 105, 99, 101, 34, 58, 123, 34, 97, 99, 116, 111, 114, 34, 58, 34, 80, 48, 34, 44, 34, 97, 99, 116, 105, 111, 110, 34, 58, 123, 34, 107, 105, 110, 100, 34, 58, 34, 66, 111, 116, 116, 111, 109, 34, 44, 34, 99, 97, 114, 100, 115, 34, 58, 91, 123, 34, 99, 97, 114, 100, 34, 58, 34, 109, 111, 117, 110, 116, 97, 105, 110, 34, 44, 34, 111, 99, 99, 117, 114, 114, 101, 110, 99, 101, 34, 58, 57, 57, 125, 93, 125, 125, 44, 34, 97, 102, 116, 101, 114, 34, 58, 123, 34, 108, 105, 102, 101, 34, 58, 91, 50, 48, 44, 50, 48, 93, 44, 34, 104, 97, 110, 100, 115, 34, 58, 91, 91, 34, 100, 114, 97, 103, 111, 110, 45, 102, 111, 100, 100, 101, 114, 34, 44, 34, 99, 114, 97, 99, 107, 108, 105, 110, 103, 45, 99, 121, 99, 108, 111, 112, 115, 34, 44, 34, 115, 119, 97, 98, 45, 103, 111, 98, 108, 105, 110, 34, 44, 34, 100, 114, 97, 103, 111, 110, 45, 102, 111, 100, 100, 101, 114, 34, 44, 34, 109, 111, 117, 110, 116, 97, 105, 110, 34, 44, 34, 109, 111, 117, 110, 116, 97, 105, 110, 34, 93, 44, 91, 34, 103, 105, 97, 110, 116, 45, 103, 114, 111, 119, 116, 104, 34, 44, 34, 119, 105, 108, 100, 104, 101, 97, 114, 116, 45, 105, 110, 118, 111, 107, 101, 114, 34, 44, 34, 109, 97, 103, 110, 105, 103, 111, 116, 104, 45, 115, 101, 110, 116, 114, 121, 34, 44, 34, 102, 111, 114, 101, 115, 116, 34, 44, 34, 102, 111, 114, 101, 115, 116, 34, 44, 34, 116, 104, 111, 114, 110, 119, 101, 97, 108, 100, 45, 97, 114, 99, 104, 101, 114, 34, 44, 34, 116, 104, 111, 114, 110, 119, 101, 97, 108, 100, 45, 97, 114, 99, 104, 101, 114, 34, 93, 93, 44, 34, 108, 105, 98, 114, 97, 114, 105, 101, 115, 34, 58, 91, 91, 34, 103, 111, 98, 108, 105, 110, 45, 115, 117, 114, 112, 114, 105, 115, 101, 34, 44, 34, 99, 114, 97, 99, 107, 108, 105, 110, 103, 45, 99, 121, 99, 108, 111, 112, 115, 34, 44, 34, 109, 111, 117, 110, 116, 97, 105, 110, 34, 44, 34, 109, 111, 117, 110, 116, 97, 105, 110, 34, 44, 34, 109, 111, 117, 110, 116, 97, 105, 110, 34, 44, 34, 116, 104, 114, 105, 108, 108, 45, 111, 102, 45, 112, 111, 115, 115, 105, 98, 105, 108, 105, 116, 121, 34, 44, 34, 99, 114, 97, 99, 107, 108, 105, 110, 103, 45, 99, 121, 99, 108, 111, 112, 115, 34, 44, 34, 109, 111, 117, 110, 116, 97, 105, 110, 34, 44, 34, 109, 111, 117, 110, 116, 97, 105, 110, 34, 44, 34, 109, 111, 117, 110, 116, 97, 105, 110, 34, 44, 34, 109, 111, 117, 110, 116, 97, 105, 110, 34, 44, 34, 118, 105, 97, 115, 104, 105, 110, 111, 45, 112, 121, 114, 111, 109, 97, 110, 99, 101, 114, 34, 44, 34, 100, 114, 97, 103, 111, 110, 45, 102, 111, 100, 100, 101, 114, 34, 44, 34, 118, 105, 97, 115, 104, 105, 110, 111, 45, 112, 121, 114, 111, 109, 97, 110, 99, 101, 114, 34, 44, 34, 109, 111, 117, 110, 116, 97, 105, 110, 34, 44, 34, 102, 105, 114, 101, 98, 114, 97, 110, 100, 45, 97, 114, 99, 104, 101, 114, 34, 44, 34, 97, 120, 103, 97, 114, 100, 45, 99, 97, 118, 97, 108, 114, 121, 34, 44, 34, 115, 119, 97, 98, 45, 103, 111, 98, 108, 105, 110, 34, 44, 34, 115, 104, 105, 118, 97, 110, 45, 100, 114, 97, 103, 111, 110, 34, 44, 34, 109, 111, 117, 110, 116, 97, 105, 110, 34, 44, 34, 103, 111, 98, 108, 105, 110, 45, 115, 117, 114, 112, 114, 105, 115, 101, 34, 44, 34, 115, 119, 97, 98, 45, 103, 111, 98, 108, 105, 110, 34, 44, 34, 115, 104, 105, 118, 97, 110, 45, 100, 114, 97, 103, 111, 110, 34, 44, 34, 109, 111, 117, 110, 116, 97, 105, 110, 34, 44, 34, 102, 105, 114, 101, 98, 114, 97, 110, 100, 45, 97, 114, 99, 104, 101, 114, 34, 44, 34, 97, 120, 103, 97, 114, 100, 45, 99, 97, 118, 97, 108, 114, 121, 34, 44, 34, 109, 111, 117, 110, 116, 97, 105, 110, 34, 44, 34, 116, 104, 114, 105, 108, 108, 45, 111, 102, 45, 112, 111, 115, 115, 105, 98, 105, 108, 105, 116, 121, 34, 44, 34, 100, 114, 97, 103, 111, 110, 45, 102, 111, 100, 100, 101, 114, 34, 44, 34, 109, 111, 117, 110, 116, 97, 105, 110, 34, 44, 34, 109, 111, 117, 110, 116, 97, 105, 110, 34, 44, 34, 115, 119, 97, 98, 45, 103, 111, 98, 108, 105, 110, 34, 44, 34, 102, 105, 114, 101, 98, 114, 97, 110, 100, 45, 97, 114, 99, 104, 101, 114, 34, 44, 34, 109, 111, 117, 110, 116, 97, 105, 110, 34, 93, 44, 91, 34, 108, 108, 97, 110, 111, 119, 97, 114, 45, 101, 108, 118, 101, 115, 34, 44, 34, 108, 108, 97, 110, 111, 119, 97, 114, 45, 101, 108, 118, 101, 115, 34, 44, 34, 103, 105, 97, 110, 116, 45, 103, 114, 111, 119, 116, 104, 34, 44, 34, 102, 111, 114, 101, 115, 116, 34, 44, 34, 100, 114, 117, 105, 100, 45, 111, 102, 45, 116, 104, 101, 45, 99, 111, 119, 108, 34, 44, 34, 98, 101, 97, 114, 45, 99, 117, 98, 34, 44, 34, 98, 105, 116, 101, 45, 100, 111, 119, 110, 34, 44, 34, 116, 104, 111, 114, 110, 119, 101, 97, 108, 100, 45, 97, 114, 99, 104, 101, 114, 34, 44, 34, 102, 111, 114, 101, 115, 116, 34, 44, 34, 103, 105, 97, 110, 116, 45, 103, 114, 111, 119, 116, 104, 34, 44, 34, 102, 111, 114, 101, 115, 116, 34, 44, 34, 98, 101, 97, 114, 45, 99, 117, 98, 34, 44, 34, 102, 111, 114, 101, 115, 116, 34, 44, 34, 102, 111, 114, 101, 115, 116, 34, 44, 34, 98, 101, 97, 114, 45, 99, 117, 98, 34, 44, 34, 116, 97, 106, 117, 114, 117, 45, 112, 97, 116, 104, 119, 97, 114, 100, 101, 110, 34, 44, 34, 98, 105, 116, 101, 45, 100, 111, 119, 110, 34, 44, 34, 102, 111, 114, 101, 115, 116, 34, 44, 34, 98, 101, 97, 114, 45, 99, 117, 98, 34, 44, 34, 109, 97, 103, 110, 105, 103, 111, 116, 104, 45, 115, 101, 110, 116, 114, 121, 34, 44, 34, 100, 114, 117, 105, 100, 45, 111, 102, 45, 116, 104, 101, 45, 99, 111, 119, 108, 34, 44, 34, 102, 111, 114, 101, 115, 116, 34, 44, 34, 102, 111, 114, 101, 115, 116, 34, 44, 34, 98, 105, 116, 101, 45, 100, 111, 119, 110, 34, 44, 34, 102, 111, 114, 101, 115, 116, 34, 44, 34, 119, 105, 108, 100, 104, 101, 97, 114, 116, 45, 105, 110, 118, 111, 107, 101, 114, 34, 44, 34, 116, 97, 106, 117, 114, 117, 45, 112, 97, 116, 104, 119, 97, 114, 100, 101, 110, 34, 44, 34, 102, 111, 114, 101, 115, 116, 34, 44, 34, 102, 111, 114, 101, 115, 116, 34, 44, 34, 102, 111, 114, 101, 115, 116, 34, 44, 34, 108, 108, 97, 110, 111, 119, 97, 114, 45, 101, 108, 118, 101, 115, 34, 44, 34, 102, 111, 114, 101, 115, 116, 34, 44, 34, 102, 111, 114, 101, 115, 116, 34, 93, 93, 44, 34, 115, 116, 97, 114, 116, 105, 110, 103, 34, 58, 34, 80, 48, 34, 44, 34, 107, 101, 112, 116, 34, 58, 91, 102, 97, 108, 115, 101, 44, 102, 97, 108, 115, 101, 93, 44, 34, 100, 101, 99, 108, 97, 114, 97, 116, 105, 111, 110, 115, 34, 58, 91, 110, 117, 108, 108, 44, 110, 117, 108, 108, 93, 44, 34, 109, 117, 108, 108, 105, 103, 97, 110, 115, 34, 58, 91, 49, 44, 49, 93, 44, 34, 110, 101, 101, 100, 115, 95, 98, 111, 116, 116, 111, 109, 34, 58, 91, 102, 97, 108, 115, 101, 44, 116, 114, 117, 101, 93, 44, 34, 100, 101, 99, 105, 115, 105, 111, 110, 34, 58, 91, 34, 80, 49, 34, 44, 123, 34, 66, 111, 116, 116, 111, 109, 34, 58, 123, 34, 99, 111, 117, 110, 116, 34, 58, 49, 125, 125, 93, 44, 34, 114, 110, 103, 34, 58, 123, 34, 115, 116, 97, 116, 101, 34, 58, 49, 53, 51, 48, 53, 54, 51, 48, 57, 54, 56, 56, 53, 53, 56, 51, 57, 48, 48, 125, 125, 125, 44, 123, 34, 99, 104, 111, 105, 99, 101, 34, 58, 123, 34, 97, 99, 116, 111, 114, 34, 58, 34, 80, 49, 34, 44, 34, 97, 99, 116, 105, 111, 110, 34, 58, 123, 34, 107, 105, 110, 100, 34, 58, 34, 66, 111, 116, 116, 111, 109, 34, 44, 34, 99, 97, 114, 100, 115, 34, 58, 91, 123, 34, 99, 97, 114, 100, 34, 58, 34, 116, 104, 111, 114, 110, 119, 101, 97, 108, 100, 45, 97, 114, 99, 104, 101, 114, 34, 44, 34, 111, 99, 99, 117, 114, 114, 101, 110, 99, 101, 34, 58, 49, 125, 93, 125, 125, 44, 34, 97, 102, 116, 101, 114, 34, 58, 123, 34, 108, 105, 102, 101, 34, 58, 91, 50, 48, 44, 50, 48, 93, 44, 34, 104, 97, 110, 100, 115, 34, 58, 91, 91, 34, 100, 114, 97, 103, 111, 110, 45, 102, 111, 100, 100, 101, 114, 34, 44, 34, 99, 114, 97, 99, 107, 108, 105, 110, 103, 45, 99, 121, 99, 108, 111, 112, 115, 34, 44, 34, 115, 119, 97, 98, 45, 103, 111, 98, 108, 105, 110, 34, 44, 34, 100, 114, 97, 103, 111, 110, 45, 102, 111, 100, 100, 101, 114, 34, 44, 34, 109, 111, 117, 110, 116, 97, 105, 110, 34, 44, 34, 109, 111, 117, 110, 116, 97, 105, 110, 34, 93, 44, 91, 34, 103, 105, 97, 110, 116, 45, 103, 114, 111, 119, 116, 104, 34, 44, 34, 119, 105, 108, 100, 104, 101, 97, 114, 116, 45, 105, 110, 118, 111, 107, 101, 114, 34, 44, 34, 109, 97, 103, 110, 105, 103, 111, 116, 104, 45, 115, 101, 110, 116, 114, 121, 34, 44, 34, 102, 111, 114, 101, 115, 116, 34, 44, 34, 102, 111, 114, 101, 115, 116, 34, 44, 34, 116, 104, 111, 114, 110, 119, 101, 97, 108, 100, 45, 97, 114, 99, 104, 101, 114, 34, 93, 93, 44, 34, 108, 105, 98, 114, 97, 114, 105, 101, 115, 34, 58, 91, 91, 34, 103, 111, 98, 108, 105, 110, 45, 115, 117, 114, 112, 114, 105, 115, 101, 34, 44, 34, 99, 114, 97, 99, 107, 108, 105, 110, 103, 45, 99, 121, 99, 108, 111, 112, 115, 34, 44, 34, 109, 111, 117, 110, 116, 97, 105, 110, 34, 44, 34, 109, 111, 117, 110, 116, 97, 105, 110, 34, 44, 34, 109, 111, 117, 110, 116, 97, 105, 110, 34, 44, 34, 116, 104, 114, 105, 108, 108, 45, 111, 102, 45, 112, 111, 115, 115, 105, 98, 105, 108, 105, 116, 121, 34, 44, 34, 99, 114, 97, 99, 107, 108, 105, 110, 103, 45, 99, 121, 99, 108, 111, 112, 115, 34, 44, 34, 109, 111, 117, 110, 116, 97, 105, 110, 34, 44, 34, 109, 111, 117, 110, 116, 97, 105, 110, 34, 44, 34, 109, 111, 117, 110, 116, 97, 105, 110, 34, 44, 34, 109, 111, 117, 110, 116, 97, 105, 110, 34, 44, 34, 118, 105, 97, 115, 104, 105, 110, 111, 45, 112, 121, 114, 111, 109, 97, 110, 99, 101, 114, 34, 44, 34, 100, 114, 97, 103, 111, 110, 45, 102, 111, 100, 100, 101, 114, 34, 44, 34, 118, 105, 97, 115, 104, 105, 110, 111, 45, 112, 121, 114, 111, 109, 97, 110, 99, 101, 114, 34, 44, 34, 109, 111, 117, 110, 116, 97, 105, 110, 34, 44, 34, 102, 105, 114, 101, 98, 114, 97, 110, 100, 45, 97, 114, 99, 104, 101, 114, 34, 44, 34, 97, 120, 103, 97, 114, 100, 45, 99, 97, 118, 97, 108, 114, 121, 34, 44, 34, 115, 119, 97, 98, 45, 103, 111, 98, 108, 105, 110, 34, 44, 34, 115, 104, 105, 118, 97, 110, 45, 100, 114, 97, 103, 111, 110, 34, 44, 34, 109, 111, 117, 110, 116, 97, 105, 110, 34, 44, 34, 103, 111, 98, 108, 105, 110, 45, 115, 117, 114, 112, 114, 105, 115, 101, 34, 44, 34, 115, 119, 97, 98, 45, 103, 111, 98, 108, 105, 110, 34, 44, 34, 115, 104, 105, 118, 97, 110, 45, 100, 114, 97, 103, 111, 110, 34, 44, 34, 109, 111, 117, 110, 116, 97, 105, 110, 34, 44, 34, 102, 105, 114, 101, 98, 114, 97, 110, 100, 45, 97, 114, 99, 104, 101, 114, 34, 44, 34, 97, 120, 103, 97, 114, 100, 45, 99, 97, 118, 97, 108, 114, 121, 34, 44, 34, 109, 111, 117, 110, 116, 97, 105, 110, 34, 44, 34, 116, 104, 114, 105, 108, 108, 45, 111, 102, 45, 112, 111, 115, 115, 105, 98, 105, 108, 105, 116, 121, 34, 44, 34, 100, 114, 97, 103, 111, 110, 45, 102, 111, 100, 100, 101, 114, 34, 44, 34, 109, 111, 117, 110, 116, 97, 105, 110, 34, 44, 34, 109, 111, 117, 110, 116, 97, 105, 110, 34, 44, 34, 115, 119, 97, 98, 45, 103, 111, 98, 108, 105, 110, 34, 44, 34, 102, 105, 114, 101, 98, 114, 97, 110, 100, 45, 97, 114, 99, 104, 101, 114, 34, 44, 34, 109, 111, 117, 110, 116, 97, 105, 110, 34, 93, 44, 91, 34, 108, 108, 97, 110, 111, 119, 97, 114, 45, 101, 108, 118, 101, 115, 34, 44, 34, 108, 108, 97, 110, 111, 119, 97, 114, 45, 101, 108, 118, 101, 115, 34, 44, 34, 103, 105, 97, 110, 116, 45, 103, 114, 111, 119, 116, 104, 34, 44, 34, 102, 111, 114, 101, 115, 116, 34, 44, 34, 100, 114, 117, 105, 100, 45, 111, 102, 45, 116, 104, 101, 45, 99, 111, 119, 108, 34, 44, 34, 98, 101, 97, 114, 45, 99, 117, 98, 34, 44, 34, 98, 105, 116, 101, 45, 100, 111, 119, 110, 34, 44, 34, 116, 104, 111, 114, 110, 119, 101, 97, 108, 100, 45, 97, 114, 99, 104, 101, 114, 34, 44, 34, 102, 111, 114, 101, 115, 116, 34, 44, 34, 103, 105, 97, 110, 116, 45, 103, 114, 111, 119, 116, 104, 34, 44, 34, 102, 111, 114, 101, 115, 116, 34, 44, 34, 98, 101, 97, 114, 45, 99, 117, 98, 34, 44, 34, 102, 111, 114, 101, 115, 116, 34, 44, 34, 102, 111, 114, 101, 115, 116, 34, 44, 34, 98, 101, 97, 114, 45, 99, 117, 98, 34, 44, 34, 116, 97, 106, 117, 114, 117, 45, 112, 97, 116, 104, 119, 97, 114, 100, 101, 110, 34, 44, 34, 98, 105, 116, 101, 45, 100, 111, 119, 110, 34, 44, 34, 102, 111, 114, 101, 115, 116, 34, 44, 34, 98, 101, 97, 114, 45, 99, 117, 98, 34, 44, 34, 109, 97, 103, 110, 105, 103, 111, 116, 104, 45, 115, 101, 110, 116, 114, 121, 34, 44, 34, 100, 114, 117, 105, 100, 45, 111, 102, 45, 116, 104, 101, 45, 99, 111, 119, 108, 34, 44, 34, 102, 111, 114, 101, 115, 116, 34, 44, 34, 102, 111, 114, 101, 115, 116, 34, 44, 34, 98, 105, 116, 101, 45, 100, 111, 119, 110, 34, 44, 34, 102, 111, 114, 101, 115, 116, 34, 44, 34, 119, 105, 108, 100, 104, 101, 97, 114, 116, 45, 105, 110, 118, 111, 107, 101, 114, 34, 44, 34, 116, 97, 106, 117, 114, 117, 45, 112, 97, 116, 104, 119, 97, 114, 100, 101, 110, 34, 44, 34, 102, 111, 114, 101, 115, 116, 34, 44, 34, 102, 111, 114, 101, 115, 116, 34, 44, 34, 102, 111, 114, 101, 115, 116, 34, 44, 34, 108, 108, 97, 110, 111, 119, 97, 114, 45, 101, 108, 118, 101, 115, 34, 44, 34, 102, 111, 114, 101, 115, 116, 34, 44, 34, 102, 111, 114, 101, 115, 116, 34, 44, 34, 116, 104, 111, 114, 110, 119, 101, 97, 108, 100, 45, 97, 114, 99, 104, 101, 114, 34, 93, 93, 44, 34, 115, 116, 97, 114, 116, 105, 110, 103, 34, 58, 34, 80, 48, 34, 44, 34, 107, 101, 112, 116, 34, 58, 91, 102, 97, 108, 115, 101, 44, 102, 97, 108, 115, 101, 93, 44, 34, 100, 101, 99, 108, 97, 114, 97, 116, 105, 111, 110, 115, 34, 58, 91, 110, 117, 108, 108, 44, 110, 117, 108, 108, 93, 44, 34, 109, 117, 108, 108, 105, 103, 97, 110, 115, 34, 58, 91, 49, 44, 49, 93, 44, 34, 110, 101, 101, 100, 115, 95, 98, 111, 116, 116, 111, 109, 34, 58, 91, 102, 97, 108, 115, 101, 44, 102, 97, 108, 115, 101, 93, 44, 34, 100, 101, 99, 105, 115, 105, 111, 110, 34, 58, 91, 34, 80, 48, 34, 44, 34, 75, 101, 101, 112, 79, 114, 77, 117, 108, 108, 105, 103, 97, 110, 34, 93, 44, 34, 114, 110, 103, 34, 58, 123, 34, 115, 116, 97, 116, 101, 34, 58, 49, 53, 51, 48, 53, 54, 51, 48, 57, 54, 56, 56, 53, 53, 56, 51, 57, 48, 48, 125, 125, 125, 44, 123, 34, 99, 104, 111, 105, 99, 101, 34, 58, 123, 34, 97, 99, 116, 111, 114, 34, 58, 34, 80, 48, 34, 44, 34, 97, 99, 116, 105, 111, 110, 34, 58, 123, 34, 107, 105, 110, 100, 34, 58, 34, 77, 117, 108, 108, 105, 103, 97, 110, 34, 125, 125, 44, 34, 97, 102, 116, 101, 114, 34, 58, 123, 34, 108, 105, 102, 101, 34, 58, 91, 50, 48, 44, 50, 48, 93, 44, 34, 104, 97, 110, 100, 115, 34, 58, 91, 91, 34, 100, 114, 97, 103, 111, 110, 45, 102, 111, 100, 100, 101, 114, 34, 44, 34, 99, 114, 97, 99, 107, 108, 105, 110, 103, 45, 99, 121, 99, 108, 111, 112, 115, 34, 44, 34, 115, 119, 97, 98, 45, 103, 111, 98, 108, 105, 110, 34, 44, 34, 100, 114, 97, 103, 111, 110, 45, 102, 111, 100, 100, 101, 114, 34, 44, 34, 109, 111, 117, 110, 116, 97, 105, 110, 34, 44, 34, 109, 111, 117, 110, 116, 97, 105, 110, 34, 93, 44, 91, 34, 103, 105, 97, 110, 116, 45, 103, 114, 111, 119, 116, 104, 34, 44, 34, 119, 105, 108, 100, 104, 101, 97, 114, 116, 45, 105, 110, 118, 111, 107, 101, 114, 34, 44, 34, 109, 97, 103, 110, 105, 103, 111, 116, 104, 45, 115, 101, 110, 116, 114, 121, 34, 44, 34, 102, 111, 114, 101, 115, 116, 34, 44, 34, 102, 111, 114, 101, 115, 116, 34, 44, 34, 116, 104, 111, 114, 110, 119, 101, 97, 108, 100, 45, 97, 114, 99, 104, 101, 114, 34, 93, 93, 44, 34, 108, 105, 98, 114, 97, 114, 105, 101, 115, 34, 58, 91, 91, 34, 103, 111, 98, 108, 105, 110, 45, 115, 117, 114, 112, 114, 105, 115, 101, 34, 44, 34, 99, 114, 97, 99, 107, 108, 105, 110, 103, 45, 99, 121, 99, 108, 111, 112, 115, 34, 44, 34, 109, 111, 117, 110, 116, 97, 105, 110, 34, 44, 34, 109, 111, 117, 110, 116, 97, 105, 110, 34, 44, 34, 109, 111, 117, 110, 116, 97, 105, 110, 34, 44, 34, 116, 104, 114, 105, 108, 108, 45, 111, 102, 45, 112, 111, 115, 115, 105, 98, 105, 108, 105, 116, 121, 34, 44, 34, 99, 114, 97, 99, 107, 108, 105, 110, 103, 45, 99, 121, 99, 108, 111, 112, 115, 34, 44, 34, 109, 111, 117, 110, 116, 97, 105, 110, 34, 44, 34, 109, 111, 117, 110, 116, 97, 105, 110, 34, 44, 34, 109, 111, 117, 110, 116, 97, 105, 110, 34, 44, 34, 109, 111, 117, 110, 116, 97, 105, 110, 34, 44, 34, 118, 105, 97, 115, 104, 105, 110, 111, 45, 112, 121, 114, 111, 109, 97, 110, 99, 101, 114, 34, 44, 34, 100, 114, 97, 103, 111, 110, 45, 102, 111, 100, 100, 101, 114, 34, 44, 34, 118, 105, 97, 115, 104, 105, 110, 111, 45, 112, 121, 114, 111, 109, 97, 110, 99, 101, 114, 34, 44, 34, 109, 111, 117, 110, 116, 97, 105, 110, 34, 44, 34, 102, 105, 114, 101, 98, 114, 97, 110, 100, 45, 97, 114, 99, 104, 101, 114, 34, 44, 34, 97, 120, 103, 97, 114, 100, 45, 99, 97, 118, 97, 108, 114, 121, 34, 44, 34, 115, 119, 97, 98, 45, 103, 111, 98, 108, 105, 110, 34, 44, 34, 115, 104, 105, 118, 97, 110, 45, 100, 114, 97, 103, 111, 110, 34, 44, 34, 109, 111, 117, 110, 116, 97, 105, 110, 34, 44, 34, 103, 111, 98, 108, 105, 110, 45, 115, 117, 114, 112, 114, 105, 115, 101, 34, 44, 34, 115, 119, 97, 98, 45, 103, 111, 98, 108, 105, 110, 34, 44, 34, 115, 104, 105, 118, 97, 110, 45, 100, 114, 97, 103, 111, 110, 34, 44, 34, 109, 111, 117, 110, 116, 97, 105, 110, 34, 44, 34, 102, 105, 114, 101, 98, 114, 97, 110, 100, 45, 97, 114, 99, 104, 101, 114, 34, 44, 34, 97, 120, 103, 97, 114, 100, 45, 99, 97, 118, 97, 108, 114, 121, 34, 44, 34, 109, 111, 117, 110, 116, 97, 105, 110, 34, 44, 34, 116, 104, 114, 105, 108, 108, 45, 111, 102, 45, 112, 111, 115, 115, 105, 98, 105, 108, 105, 116, 121, 34, 44, 34, 100, 114, 97, 103, 111, 110, 45, 102, 111, 100, 100, 101, 114, 34, 44, 34, 109, 111, 117, 110, 116, 97, 105, 110, 34, 44, 34, 109, 111, 117, 110, 116, 97, 105, 110, 34, 44, 34, 115, 119, 97, 98, 45, 103, 111, 98, 108, 105, 110, 34, 44, 34, 102, 105, 114, 101, 98, 114, 97, 110, 100, 45, 97, 114, 99, 104, 101, 114, 34, 44, 34, 109, 111, 117, 110, 116, 97, 105, 110, 34, 93, 44, 91, 34, 108, 108, 97, 110, 111, 119, 97, 114, 45, 101, 108, 118, 101, 115, 34, 44, 34, 108, 108, 97, 110, 111, 119, 97, 114, 45, 101, 108, 118, 101, 115, 34, 44, 34, 103, 105, 97, 110, 116, 45, 103, 114, 111, 119, 116, 104, 34, 44, 34, 102, 111, 114, 101, 115, 116, 34, 44, 34, 100, 114, 117, 105, 100, 45, 111, 102, 45, 116, 104, 101, 45, 99, 111, 119, 108, 34, 44, 34, 98, 101, 97, 114, 45, 99, 117, 98, 34, 44, 34, 98, 105, 116, 101, 45, 100, 111, 119, 110, 34, 44, 34, 116, 104, 111, 114, 110, 119, 101, 97, 108, 100, 45, 97, 114, 99, 104, 101, 114, 34, 44, 34, 102, 111, 114, 101, 115, 116, 34, 44, 34, 103, 105, 97, 110, 116, 45, 103, 114, 111, 119, 116, 104, 34, 44, 34, 102, 111, 114, 101, 115, 116, 34, 44, 34, 98, 101, 97, 114, 45, 99, 117, 98, 34, 44, 34, 102, 111, 114, 101, 115, 116, 34, 44, 34, 102, 111, 114, 101, 115, 116, 34, 44, 34, 98, 101, 97, 114, 45, 99, 117, 98, 34, 44, 34, 116, 97, 106, 117, 114, 117, 45, 112, 97, 116, 104, 119, 97, 114, 100, 101, 110, 34, 44, 34, 98, 105, 116, 101, 45, 100, 111, 119, 110, 34, 44, 34, 102, 111, 114, 101, 115, 116, 34, 44, 34, 98, 101, 97, 114, 45, 99, 117, 98, 34, 44, 34, 109, 97, 103, 110, 105, 103, 111, 116, 104, 45, 115, 101, 110, 116, 114, 121, 34, 44, 34, 100, 114, 117, 105, 100, 45, 111, 102, 45, 116, 104, 101, 45, 99, 111, 119, 108, 34, 44, 34, 102, 111, 114, 101, 115, 116, 34, 44, 34, 102, 111, 114, 101, 115, 116, 34, 44, 34, 98, 105, 116, 101, 45, 100, 111, 119, 110, 34, 44, 34, 102, 111, 114, 101, 115, 116, 34, 44, 34, 119, 105, 108, 100, 104, 101, 97, 114, 116, 45, 105, 110, 118, 111, 107, 101, 114, 34, 44, 34, 116, 97, 106, 117, 114, 117, 45, 112, 97, 116, 104, 119, 97, 114, 100, 101, 110, 34, 44, 34, 102, 111, 114, 101, 115, 116, 34, 44, 34, 102, 111, 114, 101, 115, 116, 34, 44, 34, 102, 111, 114, 101, 115, 116, 34, 44, 34, 108, 108, 97, 110, 111, 119, 97, 114, 45, 101, 108, 118, 101, 115, 34, 44, 34, 102, 111, 114, 101, 115, 116, 34, 44, 34, 102, 111, 114, 101, 115, 116, 34, 44, 34, 116, 104, 111, 114, 110, 119, 101, 97, 108, 100, 45, 97, 114, 99, 104, 101, 114, 34, 93, 93, 44, 34, 115, 116, 97, 114, 116, 105, 110, 103, 34, 58, 34, 80, 48, 34, 44, 34, 107, 101, 112, 116, 34, 58, 91, 102, 97, 108, 115, 101, 44, 102, 97, 108, 115, 101, 93, 44, 34, 100, 101, 99, 108, 97, 114, 97, 116, 105, 111, 110, 115, 34, 58, 91, 34, 77, 117, 108, 108, 105, 103, 97, 110, 34, 44, 110, 117, 108, 108, 93, 44, 34, 109, 117, 108, 108, 105, 103, 97, 110, 115, 34, 58, 91, 49, 44, 49, 93, 44, 34, 110, 101, 101, 100, 115, 95, 98, 111, 116, 116, 111, 109, 34, 58, 91, 102, 97, 108, 115, 101, 44, 102, 97, 108, 115, 101, 93, 44, 34, 100, 101, 99, 105, 115, 105, 111, 110, 34, 58, 91, 34, 80, 49, 34, 44, 34, 75, 101, 101, 112, 79, 114, 77, 117, 108, 108, 105, 103, 97, 110, 34, 93, 44, 34, 114, 110, 103, 34, 58, 123, 34, 115, 116, 97, 116, 101, 34, 58, 49, 53, 51, 48, 53, 54, 51, 48, 57, 54, 56, 56, 53, 53, 56, 51, 57, 48, 48, 125, 125, 125, 44, 123, 34, 99, 104, 111, 105, 99, 101, 34, 58, 123, 34, 97, 99, 116, 111, 114, 34, 58, 34, 80, 49, 34, 44, 34, 97, 99, 116, 105, 111, 110, 34, 58, 123, 34, 107, 105, 110, 100, 34, 58, 34, 75, 101, 101, 112, 34, 125, 125, 44, 34, 97, 102, 116, 101, 114, 34, 58, 123, 34, 108, 105, 102, 101, 34, 58, 91, 50, 48, 44, 50, 48, 93, 44, 34, 104, 97, 110, 100, 115, 34, 58, 91, 91, 34, 102, 105, 114, 101, 98, 114, 97, 110, 100, 45, 97, 114, 99, 104, 101, 114, 34, 44, 34, 100, 114, 97, 103, 111, 110, 45, 102, 111, 100, 100, 101, 114, 34, 44, 34, 103, 111, 98, 108, 105, 110, 45, 115, 117, 114, 112, 114, 105, 115, 101, 34, 44, 34, 118, 105, 97, 115, 104, 105, 110, 111, 45, 112, 121, 114, 111, 109, 97, 110, 99, 101, 114, 34, 44, 34, 115, 119, 97, 98, 45, 103, 111, 98, 108, 105, 110, 34, 44, 34, 109, 111, 117, 110, 116, 97, 105, 110, 34, 44, 34, 97, 120, 103, 97, 114, 100, 45, 99, 97, 118, 97, 108, 114, 121, 34, 93, 44, 91, 34, 103, 105, 97, 110, 116, 45, 103, 114, 111, 119, 116, 104, 34, 44, 34, 119, 105, 108, 100, 104, 101, 97, 114, 116, 45, 105, 110, 118, 111, 107, 101, 114, 34, 44, 34, 109, 97, 103, 110, 105, 103, 111, 116, 104, 45, 115, 101, 110, 116, 114, 121, 34, 44, 34, 102, 111, 114, 101, 115, 116, 34, 44, 34, 102, 111, 114, 101, 115, 116, 34, 44, 34, 116, 104, 111, 114, 110, 119, 101, 97, 108, 100, 45, 97, 114, 99, 104, 101, 114, 34, 93, 93, 44, 34, 108, 105, 98, 114, 97, 114, 105, 101, 115, 34, 58, 91, 91, 34, 103, 111, 98, 108, 105, 110, 45, 115, 117, 114, 112, 114, 105, 115, 101, 34, 44, 34, 102, 105, 114, 101, 98, 114, 97, 110, 100, 45, 97, 114, 99, 104, 101, 114, 34, 44, 34, 109, 111, 117, 110, 116, 97, 105, 110, 34, 44, 34, 109, 111, 117, 110, 116, 97, 105, 110, 34, 44, 34, 116, 104, 114, 105, 108, 108, 45, 111, 102, 45, 112, 111, 115, 115, 105, 98, 105, 108, 105, 116, 121, 34, 44, 34, 118, 105, 97, 115, 104, 105, 110, 111, 45, 112, 121, 114, 111, 109, 97, 110, 99, 101, 114, 34, 44, 34, 109, 111, 117, 110, 116, 97, 105, 110, 34, 44, 34, 102, 105, 114, 101, 98, 114, 97, 110, 100, 45, 97, 114, 99, 104, 101, 114, 34, 44, 34, 100, 114, 97, 103, 111, 110, 45, 102, 111, 100, 100, 101, 114, 34, 44, 34, 109, 111, 117, 110, 116, 97, 105, 110, 34, 44, 34, 97, 120, 103, 97, 114, 100, 45, 99, 97, 118, 97, 108, 114, 121, 34, 44, 34, 115, 119, 97, 98, 45, 103, 111, 98, 108, 105, 110, 34, 44, 34, 109, 111, 117, 110, 116, 97, 105, 110, 34, 44, 34, 109, 111, 117, 110, 116, 97, 105, 110, 34, 44, 34, 100, 114, 97, 103, 111, 110, 45, 102, 111, 100, 100, 101, 114, 34, 44, 34, 109, 111, 117, 110, 116, 97, 105, 110, 34, 44, 34, 100, 114, 97, 103, 111, 110, 45, 102, 111, 100, 100, 101, 114, 34, 44, 34, 115, 104, 105, 118, 97, 110, 45, 100, 114, 97, 103, 111, 110, 34, 44, 34, 109, 111, 117, 110, 116, 97, 105, 110, 34, 44, 34, 109, 111, 117, 110, 116, 97, 105, 110, 34, 44, 34, 115, 119, 97, 98, 45, 103, 111, 98, 108, 105, 110, 34, 44, 34, 116, 104, 114, 105, 108, 108, 45, 111, 102, 45, 112, 111, 115, 115, 105, 98, 105, 108, 105, 116, 121, 34, 44, 34, 109, 111, 117, 110, 116, 97, 105, 110, 34, 44, 34, 115, 119, 97, 98, 45, 103, 111, 98, 108, 105, 110, 34, 44, 34, 109, 111, 117, 110, 116, 97, 105, 110, 34, 44, 34, 99, 114, 97, 99, 107, 108, 105, 110, 103, 45, 99, 121, 99, 108, 111, 112, 115, 34, 44, 34, 109, 111, 117, 110, 116, 97, 105, 110, 34, 44, 34, 109, 111, 117, 110, 116, 97, 105, 110, 34, 44, 34, 99, 114, 97, 99, 107, 108, 105, 110, 103, 45, 99, 121, 99, 108, 111, 112, 115, 34, 44, 34, 109, 111, 117, 110, 116, 97, 105, 110, 34, 44, 34, 115, 104, 105, 118, 97, 110, 45, 100, 114, 97, 103, 111, 110, 34, 44, 34, 109, 111, 117, 110, 116, 97, 105, 110, 34, 44, 34, 99, 114, 97, 99, 107, 108, 105, 110, 103, 45, 99, 121, 99, 108, 111, 112, 115, 34, 93, 44, 91, 34, 108, 108, 97, 110, 111, 119, 97, 114, 45, 101, 108, 118, 101, 115, 34, 44, 34, 108, 108, 97, 110, 111, 119, 97, 114, 45, 101, 108, 118, 101, 115, 34, 44, 34, 103, 105, 97, 110, 116, 45, 103, 114, 111, 119, 116, 104, 34, 44, 34, 102, 111, 114, 101, 115, 116, 34, 44, 34, 100, 114, 117, 105, 100, 45, 111, 102, 45, 116, 104, 101, 45, 99, 111, 119, 108, 34, 44, 34, 98, 101, 97, 114, 45, 99, 117, 98, 34, 44, 34, 98, 105, 116, 101, 45, 100, 111, 119, 110, 34, 44, 34, 116, 104, 111, 114, 110, 119, 101, 97, 108, 100, 45, 97, 114, 99, 104, 101, 114, 34, 44, 34, 102, 111, 114, 101, 115, 116, 34, 44, 34, 103, 105, 97, 110, 116, 45, 103, 114, 111, 119, 116, 104, 34, 44, 34, 102, 111, 114, 101, 115, 116, 34, 44, 34, 98, 101, 97, 114, 45, 99, 117, 98, 34, 44, 34, 102, 111, 114, 101, 115, 116, 34, 44, 34, 102, 111, 114, 101, 115, 116, 34, 44, 34, 98, 101, 97, 114, 45, 99, 117, 98, 34, 44, 34, 116, 97, 106, 117, 114, 117, 45, 112, 97, 116, 104, 119, 97, 114, 100, 101, 110, 34, 44, 34, 98, 105, 116, 101, 45, 100, 111, 119, 110, 34, 44, 34, 102, 111, 114, 101, 115, 116, 34, 44, 34, 98, 101, 97, 114, 45, 99, 117, 98, 34, 44, 34, 109, 97, 103, 110, 105, 103, 111, 116, 104, 45, 115, 101, 110, 116, 114, 121, 34, 44, 34, 100, 114, 117, 105, 100, 45, 111, 102, 45, 116, 104, 101, 45, 99, 111, 119, 108, 34, 44, 34, 102, 111, 114, 101, 115, 116, 34, 44, 34, 102, 111, 114, 101, 115, 116, 34, 44, 34, 98, 105, 116, 101, 45, 100, 111, 119, 110, 34, 44, 34, 102, 111, 114, 101, 115, 116, 34, 44, 34, 119, 105, 108, 100, 104, 101, 97, 114, 116, 45, 105, 110, 118, 111, 107, 101, 114, 34, 44, 34, 116, 97, 106, 117, 114, 117, 45, 112, 97, 116, 104, 119, 97, 114, 100, 101, 110, 34, 44, 34, 102, 111, 114, 101, 115, 116, 34, 44, 34, 102, 111, 114, 101, 115, 116, 34, 44, 34, 102, 111, 114, 101, 115, 116, 34, 44, 34, 108, 108, 97, 110, 111, 119, 97, 114, 45, 101, 108, 118, 101, 115, 34, 44, 34, 102, 111, 114, 101, 115, 116, 34, 44, 34, 102, 111, 114, 101, 115, 116, 34, 44, 34, 116, 104, 111, 114, 110, 119, 101, 97, 108, 100, 45, 97, 114, 99, 104, 101, 114, 34, 93, 93, 44, 34, 115, 116, 97, 114, 116, 105, 110, 103, 34, 58, 34, 80, 48, 34, 44, 34, 107, 101, 112, 116, 34, 58, 91, 102, 97, 108, 115, 101, 44, 116, 114, 117, 101, 93, 44, 34, 100, 101, 99, 108, 97, 114, 97, 116, 105, 111, 110, 115, 34, 58, 91, 110, 117, 108, 108, 44, 110, 117, 108, 108, 93, 44, 34, 109, 117, 108, 108, 105, 103, 97, 110, 115, 34, 58, 91, 50, 44, 49, 93, 44, 34, 110, 101, 101, 100, 115, 95, 98, 111, 116, 116, 111, 109, 34, 58, 91, 116, 114, 117, 101, 44, 102, 97, 108, 115, 101, 93, 44, 34, 100, 101, 99, 105, 115, 105, 111, 110, 34, 58, 91, 34, 80, 48, 34, 44, 123, 34, 66, 111, 116, 116, 111, 109, 34, 58, 123, 34, 99, 111, 117, 110, 116, 34, 58, 50, 125, 125, 93, 44, 34, 114, 110, 103, 34, 58, 123, 34, 115, 116, 97, 116, 101, 34, 58, 51, 52, 51, 54, 53, 56, 51, 50, 56, 49, 52, 54, 49, 48, 56, 54, 48, 51, 49, 125, 125, 125, 44, 123, 34, 99, 104, 111, 105, 99, 101, 34, 58, 123, 34, 97, 99, 116, 111, 114, 34, 58, 34, 80, 48, 34, 44, 34, 97, 99, 116, 105, 111, 110, 34, 58, 123, 34, 107, 105, 110, 100, 34, 58, 34, 66, 111, 116, 116, 111, 109, 34, 44, 34, 99, 97, 114, 100, 115, 34, 58, 91, 123, 34, 99, 97, 114, 100, 34, 58, 34, 100, 114, 97, 103, 111, 110, 45, 102, 111, 100, 100, 101, 114, 34, 44, 34, 111, 99, 99, 117, 114, 114, 101, 110, 99, 101, 34, 58, 48, 125, 44, 123, 34, 99, 97, 114, 100, 34, 58, 34, 115, 119, 97, 98, 45, 103, 111, 98, 108, 105, 110, 34, 44, 34, 111, 99, 99, 117, 114, 114, 101, 110, 99, 101, 34, 58, 48, 125, 93, 125, 125, 44, 34, 97, 102, 116, 101, 114, 34, 58, 123, 34, 108, 105, 102, 101, 34, 58, 91, 50, 48, 44, 50, 48, 93, 44, 34, 104, 97, 110, 100, 115, 34, 58, 91, 91, 34, 102, 105, 114, 101, 98, 114, 97, 110, 100, 45, 97, 114, 99, 104, 101, 114, 34, 44, 34, 103, 111, 98, 108, 105, 110, 45, 115, 117, 114, 112, 114, 105, 115, 101, 34, 44, 34, 118, 105, 97, 115, 104, 105, 110, 111, 45, 112, 121, 114, 111, 109, 97, 110, 99, 101, 114, 34, 44, 34, 109, 111, 117, 110, 116, 97, 105, 110, 34, 44, 34, 97, 120, 103, 97, 114, 100, 45, 99, 97, 118, 97, 108, 114, 121, 34, 93, 44, 91, 34, 103, 105, 97, 110, 116, 45, 103, 114, 111, 119, 116, 104, 34, 44, 34, 119, 105, 108, 100, 104, 101, 97, 114, 116, 45, 105, 110, 118, 111, 107, 101, 114, 34, 44, 34, 109, 97, 103, 110, 105, 103, 111, 116, 104, 45, 115, 101, 110, 116, 114, 121, 34, 44, 34, 102, 111, 114, 101, 115, 116, 34, 44, 34, 102, 111, 114, 101, 115, 116, 34, 44, 34, 116, 104, 111, 114, 110, 119, 101, 97, 108, 100, 45, 97, 114, 99, 104, 101, 114, 34, 93, 93, 44, 34, 108, 105, 98, 114, 97, 114, 105, 101, 115, 34, 58, 91, 91, 34, 103, 111, 98, 108, 105, 110, 45, 115, 117, 114, 112, 114, 105, 115, 101, 34, 44, 34, 102, 105, 114, 101, 98, 114, 97, 110, 100, 45, 97, 114, 99, 104, 101, 114, 34, 44, 34, 109, 111, 117, 110, 116, 97, 105, 110, 34, 44, 34, 109, 111, 117, 110, 116, 97, 105, 110, 34, 44, 34, 116, 104, 114, 105, 108, 108, 45, 111, 102, 45, 112, 111, 115, 115, 105, 98, 105, 108, 105, 116, 121, 34, 44, 34, 118, 105, 97, 115, 104, 105, 110, 111, 45, 112, 121, 114, 111, 109, 97, 110, 99, 101, 114, 34, 44, 34, 109, 111, 117, 110, 116, 97, 105, 110, 34, 44, 34, 102, 105, 114, 101, 98, 114, 97, 110, 100, 45, 97, 114, 99, 104, 101, 114, 34, 44, 34, 100, 114, 97, 103, 111, 110, 45, 102, 111, 100, 100, 101, 114, 34, 44, 34, 109, 111, 117, 110, 116, 97, 105, 110, 34, 44, 34, 97, 120, 103, 97, 114, 100, 45, 99, 97, 118, 97, 108, 114, 121, 34, 44, 34, 115, 119, 97, 98, 45, 103, 111, 98, 108, 105, 110, 34, 44, 34, 109, 111, 117, 110, 116, 97, 105, 110, 34, 44, 34, 109, 111, 117, 110, 116, 97, 105, 110, 34, 44, 34, 100, 114, 97, 103, 111, 110, 45, 102, 111, 100, 100, 101, 114, 34, 44, 34, 109, 111, 117, 110, 116, 97, 105, 110, 34, 44, 34, 100, 114, 97, 103, 111, 110, 45, 102, 111, 100, 100, 101, 114, 34, 44, 34, 115, 104, 105, 118, 97, 110, 45, 100, 114, 97, 103, 111, 110, 34, 44, 34, 109, 111, 117, 110, 116, 97, 105, 110, 34, 44, 34, 109, 111, 117, 110, 116, 97, 105, 110, 34, 44, 34, 115, 119, 97, 98, 45, 103, 111, 98, 108, 105, 110, 34, 44, 34, 116, 104, 114, 105, 108, 108, 45, 111, 102, 45, 112, 111, 115, 115, 105, 98, 105, 108, 105, 116, 121, 34, 44, 34, 109, 111, 117, 110, 116, 97, 105, 110, 34, 44, 34, 115, 119, 97, 98, 45, 103, 111, 98, 108, 105, 110, 34, 44, 34, 109, 111, 117, 110, 116, 97, 105, 110, 34, 44, 34, 99, 114, 97, 99, 107, 108, 105, 110, 103, 45, 99, 121, 99, 108, 111, 112, 115, 34, 44, 34, 109, 111, 117, 110, 116, 97, 105, 110, 34, 44, 34, 109, 111, 117, 110, 116, 97, 105, 110, 34, 44, 34, 99, 114, 97, 99, 107, 108, 105, 110, 103, 45, 99, 121, 99, 108, 111, 112, 115, 34, 44, 34, 109, 111, 117, 110, 116, 97, 105, 110, 34, 44, 34, 115, 104, 105, 118, 97, 110, 45, 100, 114, 97, 103, 111, 110, 34, 44, 34, 109, 111, 117, 110, 116, 97, 105, 110, 34, 44, 34, 99, 114, 97, 99, 107, 108, 105, 110, 103, 45, 99, 121, 99, 108, 111, 112, 115, 34, 44, 34, 100, 114, 97, 103, 111, 110, 45, 102, 111, 100, 100, 101, 114, 34, 44, 34, 115, 119, 97, 98, 45, 103, 111, 98, 108, 105, 110, 34, 93, 44, 91, 34, 108, 108, 97, 110, 111, 119, 97, 114, 45, 101, 108, 118, 101, 115, 34, 44, 34, 108, 108, 97, 110, 111, 119, 97, 114, 45, 101, 108, 118, 101, 115, 34, 44, 34, 103, 105, 97, 110, 116, 45, 103, 114, 111, 119, 116, 104, 34, 44, 34, 102, 111, 114, 101, 115, 116, 34, 44, 34, 100, 114, 117, 105, 100, 45, 111, 102, 45, 116, 104, 101, 45, 99, 111, 119, 108, 34, 44, 34, 98, 101, 97, 114, 45, 99, 117, 98, 34, 44, 34, 98, 105, 116, 101, 45, 100, 111, 119, 110, 34, 44, 34, 116, 104, 111, 114, 110, 119, 101, 97, 108, 100, 45, 97, 114, 99, 104, 101, 114, 34, 44, 34, 102, 111, 114, 101, 115, 116, 34, 44, 34, 103, 105, 97, 110, 116, 45, 103, 114, 111, 119, 116, 104, 34, 44, 34, 102, 111, 114, 101, 115, 116, 34, 44, 34, 98, 101, 97, 114, 45, 99, 117, 98, 34, 44, 34, 102, 111, 114, 101, 115, 116, 34, 44, 34, 102, 111, 114, 101, 115, 116, 34, 44, 34, 98, 101, 97, 114, 45, 99, 117, 98, 34, 44, 34, 116, 97, 106, 117, 114, 117, 45, 112, 97, 116, 104, 119, 97, 114, 100, 101, 110, 34, 44, 34, 98, 105, 116, 101, 45, 100, 111, 119, 110, 34, 44, 34, 102, 111, 114, 101, 115, 116, 34, 44, 34, 98, 101, 97, 114, 45, 99, 117, 98, 34, 44, 34, 109, 97, 103, 110, 105, 103, 111, 116, 104, 45, 115, 101, 110, 116, 114, 121, 34, 44, 34, 100, 114, 117, 105, 100, 45, 111, 102, 45, 116, 104, 101, 45, 99, 111, 119, 108, 34, 44, 34, 102, 111, 114, 101, 115, 116, 34, 44, 34, 102, 111, 114, 101, 115, 116, 34, 44, 34, 98, 105, 116, 101, 45, 100, 111, 119, 110, 34, 44, 34, 102, 111, 114, 101, 115, 116, 34, 44, 34, 119, 105, 108, 100, 104, 101, 97, 114, 116, 45, 105, 110, 118, 111, 107, 101, 114, 34, 44, 34, 116, 97, 106, 117, 114, 117, 45, 112, 97, 116, 104, 119, 97, 114, 100, 101, 110, 34, 44, 34, 102, 111, 114, 101, 115, 116, 34, 44, 34, 102, 111, 114, 101, 115, 116, 34, 44, 34, 102, 111, 114, 101, 115, 116, 34, 44, 34, 108, 108, 97, 110, 111, 119, 97, 114, 45, 101, 108, 118, 101, 115, 34, 44, 34, 102, 111, 114, 101, 115, 116, 34, 44, 34, 102, 111, 114, 101, 115, 116, 34, 44, 34, 116, 104, 111, 114, 110, 119, 101, 97, 108, 100, 45, 97, 114, 99, 104, 101, 114, 34, 93, 93, 44, 34, 115, 116, 97, 114, 116, 105, 110, 103, 34, 58, 34, 80, 48, 34, 44, 34, 107, 101, 112, 116, 34, 58, 91, 102, 97, 108, 115, 101, 44, 116, 114, 117, 101, 93, 44, 34, 100, 101, 99, 108, 97, 114, 97, 116, 105, 111, 110, 115, 34, 58, 91, 110, 117, 108, 108, 44, 110, 117, 108, 108, 93, 44, 34, 109, 117, 108, 108, 105, 103, 97, 110, 115, 34, 58, 91, 50, 44, 49, 93, 44, 34, 110, 101, 101, 100, 115, 95, 98, 111, 116, 116, 111, 109, 34, 58, 91, 102, 97, 108, 115, 101, 44, 102, 97, 108, 115, 101, 93, 44, 34, 100, 101, 99, 105, 115, 105, 111, 110, 34, 58, 91, 34, 80, 48, 34, 44, 34, 75, 101, 101, 112, 79, 114, 77, 117, 108, 108, 105, 103, 97, 110, 34, 93, 44, 34, 114, 110, 103, 34, 58, 123, 34, 115, 116, 97, 116, 101, 34, 58, 51, 52, 51, 54, 53, 56, 51, 50, 56, 49, 52, 54, 49, 48, 56, 54, 48, 51, 49, 125, 125, 125, 44, 123, 34, 99, 104, 111, 105, 99, 101, 34, 58, 123, 34, 97, 99, 116, 111, 114, 34, 58, 34, 80, 48, 34, 44, 34, 97, 99, 116, 105, 111, 110, 34, 58, 123, 34, 107, 105, 110, 100, 34, 58, 34, 75, 101, 101, 112, 34, 125, 125, 44, 34, 97, 102, 116, 101, 114, 34, 58, 123, 34, 108, 105, 102, 101, 34, 58, 91, 50, 48, 44, 50, 48, 93, 44, 34, 104, 97, 110, 100, 115, 34, 58, 91, 91, 34, 102, 105, 114, 101, 98, 114, 97, 110, 100, 45, 97, 114, 99, 104, 101, 114, 34, 44, 34, 103, 111, 98, 108, 105, 110, 45, 115, 117, 114, 112, 114, 105, 115, 101, 34, 44, 34, 118, 105, 97, 115, 104, 105, 110, 111, 45, 112, 121, 114, 111, 109, 97, 110, 99, 101, 114, 34, 44, 34, 109, 111, 117, 110, 116, 97, 105, 110, 34, 44, 34, 97, 120, 103, 97, 114, 100, 45, 99, 97, 118, 97, 108, 114, 121, 34, 93, 44, 91, 34, 103, 105, 97, 110, 116, 45, 103, 114, 111, 119, 116, 104, 34, 44, 34, 119, 105, 108, 100, 104, 101, 97, 114, 116, 45, 105, 110, 118, 111, 107, 101, 114, 34, 44, 34, 109, 97, 103, 110, 105, 103, 111, 116, 104, 45, 115, 101, 110, 116, 114, 121, 34, 44, 34, 102, 111, 114, 101, 115, 116, 34, 44, 34, 102, 111, 114, 101, 115, 116, 34, 44, 34, 116, 104, 111, 114, 110, 119, 101, 97, 108, 100, 45, 97, 114, 99, 104, 101, 114, 34, 93, 93, 44, 34, 108, 105, 98, 114, 97, 114, 105, 101, 115, 34, 58, 91, 91, 34, 103, 111, 98, 108, 105, 110, 45, 115, 117, 114, 112, 114, 105, 115, 101, 34, 44, 34, 102, 105, 114, 101, 98, 114, 97, 110, 100, 45, 97, 114, 99, 104, 101, 114, 34, 44, 34, 109, 111, 117, 110, 116, 97, 105, 110, 34, 44, 34, 109, 111, 117, 110, 116, 97, 105, 110, 34, 44, 34, 116, 104, 114, 105, 108, 108, 45, 111, 102, 45, 112, 111, 115, 115, 105, 98, 105, 108, 105, 116, 121, 34, 44, 34, 118, 105, 97, 115, 104, 105, 110, 111, 45, 112, 121, 114, 111, 109, 97, 110, 99, 101, 114, 34, 44, 34, 109, 111, 117, 110, 116, 97, 105, 110, 34, 44, 34, 102, 105, 114, 101, 98, 114, 97, 110, 100, 45, 97, 114, 99, 104, 101, 114, 34, 44, 34, 100, 114, 97, 103, 111, 110, 45, 102, 111, 100, 100, 101, 114, 34, 44, 34, 109, 111, 117, 110, 116, 97, 105, 110, 34, 44, 34, 97, 120, 103, 97, 114, 100, 45, 99, 97, 118, 97, 108, 114, 121, 34, 44, 34, 115, 119, 97, 98, 45, 103, 111, 98, 108, 105, 110, 34, 44, 34, 109, 111, 117, 110, 116, 97, 105, 110, 34, 44, 34, 109, 111, 117, 110, 116, 97, 105, 110, 34, 44, 34, 100, 114, 97, 103, 111, 110, 45, 102, 111, 100, 100, 101, 114, 34, 44, 34, 109, 111, 117, 110, 116, 97, 105, 110, 34, 44, 34, 100, 114, 97, 103, 111, 110, 45, 102, 111, 100, 100, 101, 114, 34, 44, 34, 115, 104, 105, 118, 97, 110, 45, 100, 114, 97, 103, 111, 110, 34, 44, 34, 109, 111, 117, 110, 116, 97, 105, 110, 34, 44, 34, 109, 111, 117, 110, 116, 97, 105, 110, 34, 44, 34, 115, 119, 97, 98, 45, 103, 111, 98, 108, 105, 110, 34, 44, 34, 116, 104, 114, 105, 108, 108, 45, 111, 102, 45, 112, 111, 115, 115, 105, 98, 105, 108, 105, 116, 121, 34, 44, 34, 109, 111, 117, 110, 116, 97, 105, 110, 34, 44, 34, 115, 119, 97, 98, 45, 103, 111, 98, 108, 105, 110, 34, 44, 34, 109, 111, 117, 110, 116, 97, 105, 110, 34, 44, 34, 99, 114, 97, 99, 107, 108, 105, 110, 103, 45, 99, 121, 99, 108, 111, 112, 115, 34, 44, 34, 109, 111, 117, 110, 116, 97, 105, 110, 34, 44, 34, 109, 111, 117, 110, 116, 97, 105, 110, 34, 44, 34, 99, 114, 97, 99, 107, 108, 105, 110, 103, 45, 99, 121, 99, 108, 111, 112, 115, 34, 44, 34, 109, 111, 117, 110, 116, 97, 105, 110, 34, 44, 34, 115, 104, 105, 118, 97, 110, 45, 100, 114, 97, 103, 111, 110, 34, 44, 34, 109, 111, 117, 110, 116, 97, 105, 110, 34, 44, 34, 99, 114, 97, 99, 107, 108, 105, 110, 103, 45, 99, 121, 99, 108, 111, 112, 115, 34, 44, 34, 100, 114, 97, 103, 111, 110, 45, 102, 111, 100, 100, 101, 114, 34, 44, 34, 115, 119, 97, 98, 45, 103, 111, 98, 108, 105, 110, 34, 93, 44, 91, 34, 108, 108, 97, 110, 111, 119, 97, 114, 45, 101, 108, 118, 101, 115, 34, 44, 34, 108, 108, 97, 110, 111, 119, 97, 114, 45, 101, 108, 118, 101, 115, 34, 44, 34, 103, 105, 97, 110, 116, 45, 103, 114, 111, 119, 116, 104, 34, 44, 34, 102, 111, 114, 101, 115, 116, 34, 44, 34, 100, 114, 117, 105, 100, 45, 111, 102, 45, 116, 104, 101, 45, 99, 111, 119, 108, 34, 44, 34, 98, 101, 97, 114, 45, 99, 117, 98, 34, 44, 34, 98, 105, 116, 101, 45, 100, 111, 119, 110, 34, 44, 34, 116, 104, 111, 114, 110, 119, 101, 97, 108, 100, 45, 97, 114, 99, 104, 101, 114, 34, 44, 34, 102, 111, 114, 101, 115, 116, 34, 44, 34, 103, 105, 97, 110, 116, 45, 103, 114, 111, 119, 116, 104, 34, 44, 34, 102, 111, 114, 101, 115, 116, 34, 44, 34, 98, 101, 97, 114, 45, 99, 117, 98, 34, 44, 34, 102, 111, 114, 101, 115, 116, 34, 44, 34, 102, 111, 114, 101, 115, 116, 34, 44, 34, 98, 101, 97, 114, 45, 99, 117, 98, 34, 44, 34, 116, 97, 106, 117, 114, 117, 45, 112, 97, 116, 104, 119, 97, 114, 100, 101, 110, 34, 44, 34, 98, 105, 116, 101, 45, 100, 111, 119, 110, 34, 44, 34, 102, 111, 114, 101, 115, 116, 34, 44, 34, 98, 101, 97, 114, 45, 99, 117, 98, 34, 44, 34, 109, 97, 103, 110, 105, 103, 111, 116, 104, 45, 115, 101, 110, 116, 114, 121, 34, 44, 34, 100, 114, 117, 105, 100, 45, 111, 102, 45, 116, 104, 101, 45, 99, 111, 119, 108, 34, 44, 34, 102, 111, 114, 101, 115, 116, 34, 44, 34, 102, 111, 114, 101, 115, 116, 34, 44, 34, 98, 105, 116, 101, 45, 100, 111, 119, 110, 34, 44, 34, 102, 111, 114, 101, 115, 116, 34, 44, 34, 119, 105, 108, 100, 104, 101, 97, 114, 116, 45, 105, 110, 118, 111, 107, 101, 114, 34, 44, 34, 116, 97, 106, 117, 114, 117, 45, 112, 97, 116, 104, 119, 97, 114, 100, 101, 110, 34, 44, 34, 102, 111, 114, 101, 115, 116, 34, 44, 34, 102, 111, 114, 101, 115, 116, 34, 44, 34, 102, 111, 114, 101, 115, 116, 34, 44, 34, 108, 108, 97, 110, 111, 119, 97, 114, 45, 101, 108, 118, 101, 115, 34, 44, 34, 102, 111, 114, 101, 115, 116, 34, 44, 34, 102, 111, 114, 101, 115, 116, 34, 44, 34, 116, 104, 111, 114, 110, 119, 101, 97, 108, 100, 45, 97, 114, 99, 104, 101, 114, 34, 93, 93, 44, 34, 115, 116, 97, 114, 116, 105, 110, 103, 34, 58, 34, 80, 48, 34, 44, 34, 107, 101, 112, 116, 34, 58, 91, 116, 114, 117, 101, 44, 116, 114, 117, 101, 93, 44, 34, 100, 101, 99, 108, 97, 114, 97, 116, 105, 111, 110, 115, 34, 58, 91, 34, 75, 101, 101, 112, 34, 44, 110, 117, 108, 108, 93, 44, 34, 109, 117, 108, 108, 105, 103, 97, 110, 115, 34, 58, 91, 50, 44, 49, 93, 44, 34, 110, 101, 101, 100, 115, 95, 98, 111, 116, 116, 111, 109, 34, 58, 91, 102, 97, 108, 115, 101, 44, 102, 97, 108, 115, 101, 93, 44, 34, 100, 101, 99, 105, 115, 105, 111, 110, 34, 58, 110, 117, 108, 108, 44, 34, 114, 110, 103, 34, 58, 123, 34, 115, 116, 97, 116, 101, 34, 58, 51, 52, 51, 54, 53, 56, 51, 50, 56, 49, 52, 54, 49, 48, 56, 54, 48, 51, 49, 125, 125, 125, 93, 125])
 right: Err(InvalidChoice { index: 2, reason: IllegalCandidate })
note: run with `RUST_BACKTRACE=1` environment variable to display a backtrace


failures:
    replay_semantic_bottom_and_illegal_choices_are_strict

test result: FAILED. 0 passed; 1 failed; 0 ignored; 0 measured; 9 filtered out; finished in 0.03s

error: test failed, to rerun pass `-p mtg-core --test replay`
