Mutation: accept-stale-generation

running 1 test
test opening::policy::tests::policy_generation_and_resource_exhaustion_are_transactional ... FAILED

failures:

---- opening::policy::tests::policy_generation_and_resource_exhaustion_are_transactional stdout ----

thread 'opening::policy::tests::policy_generation_and_resource_exhaustion_are_transactional' (503) panicked at crates/mtg-core/src/policy_tests.rs:79:5:
assertion `left == right` failed
  left: Ok(())
 right: Err(StaleDecision)
note: run with `RUST_BACKTRACE=1` environment variable to display a backtrace


failures:
    opening::policy::tests::policy_generation_and_resource_exhaustion_are_transactional

test result: FAILED. 0 passed; 1 failed; 0 ignored; 0 measured; 107 filtered out; finished in 0.00s

   Compiling mtg-core v0.0.0 (/home/agent/.local/share/mtg-lab-symphony/workspaces/GH-110/crates/mtg-core)
    Finished `test` profile [unoptimized + debuginfo] target(s) in 0.89s
     Running unittests src/lib.rs (target/debug/deps/mtg_core-6a433e9b4f35bac6)
error: test failed, to rerun pass `-p mtg-core --lib`

Mutation: expose-other-hand

running 1 test
test opening::policy::tests::policy_hidden_twins_and_invalid_inputs_preserve_full_state ... FAILED

failures:

---- opening::policy::tests::policy_hidden_twins_and_invalid_inputs_preserve_full_state stdout ----

thread 'opening::policy::tests::policy_hidden_twins_and_invalid_inputs_preserve_full_state' (743) panicked at crates/mtg-core/src/policy_tests.rs:233:13:
assertion `left == right` failed
  left: [123, 34, 115, 99, 104, 101, 109, 97, 95, 118, 101, 114, 115, 105, 111, 110, 34, 58, 49, 44, 34, 118, 105, 101, 119, 34, 58, 123, 34, 115, 99, 104, 101, 109, 97, 95, 118, 101, 114, 115, 105, 111, 110, 34, 58, 49, 44, 34, 115, 101, 97, 116, 34, 58, 49, 44, 34, 108, 105, 102, 101, 34, 58, 91, 50, 48, 44, 50, 48, 93, 44, 34, 104, 97, 110, 100, 95, 99, 111, 117, 110, 116, 115, 34, 58, 91, 55, 44, 55, 93, 44, 34, 108, 105, 98, 114, 97, 114, 121, 95, 99, 111, 117, 110, 116, 115, 34, 58, 91, 51, 51, 44, 51, 51, 93, 44, 34, 104, 97, 110, 100, 34, 58, 91, 123, 34, 99, 97, 114, 100, 34, 58, 34, 102, 111, 114, 101, 115, 116, 34, 44, 34, 111, 119, 110, 101, 114, 34, 58, 49, 44, 34, 99, 111, 110, 116, 114, 111, 108, 108, 101, 114, 34, 58, 49, 44, 34, 116, 97, 112, 112, 101, 100, 34, 58, 102, 97, 108, 115, 101, 44, 34, 99, 114, 101, 97, 116, 117, 114, 101, 34, 58, 110, 117, 108, 108, 44, 34, 115, 117, 109, 109, 111, 110, 105, 110, 103, 95, 115, 105, 99, 107, 34, 58, 102, 97, 108, 115, 101, 125, 44, 123, 34, 99, 97, 114, 100, 34, 58, 34, 102, 111, 114, 101, 115, 116, 34, 44, 34, 111, 119, 110, 101, 114, 34, 58, 49, 44, 34, 99, 111, 110, 116, 114, 111, 108, 108, 101, 114, 34, 58, 49, 44, 34, 116, 97, 112, 112, 101, 100, 34, 58, 102, 97, 108, 115, 101, 44, 34, 99, 114, 101, 97, 116, 117, 114, 101, 34, 58, 110, 117, 108, 108, 44, 34, 115, 117, 109, 109, 111, 110, 105, 110, 103, 95, 115, 105, 99, 107, 34, 58, 102, 97, 108, 115, 101, 125, 44, 123, 34, 99, 97, 114, 100, 34, 58, 34, 102, 111, 114, 101, 115, 116, 34, 44, 34, 111, 119, 110, 101, 114, 34, 58, 49, 44, 34, 99, 111, 110, 116, 114, 111, 108, 108, 101, 114, 34, 58, 49, 44, 34, 116, 97, 112, 112, 101, 100, 34, 58, 102, 97, 108, 115, 101, 44, 34, 99, 114, 101, 97, 116, 117, 114, 101, 34, 58, 110, 117, 108, 108, 44, 34, 115, 117, 109, 109, 111, 110, 105, 110, 103, 95, 115, 105, 99, 107, 34, 58, 102, 97, 108, 115, 101, 125, 44, 123, 34, 99, 97, 114, 100, 34, 58, 34, 102, 111, 114, 101, 115, 116, 34, 44, 34, 111, 119, 110, 101, 114, 34, 58, 49, 44, 34, 99, 111, 110, 116, 114, 111, 108, 108, 101, 114, 34, 58, 49, 44, 34, 116, 97, 112, 112, 101, 100, 34, 58, 102, 97, 108, 115, 101, 44, 34, 99, 114, 101, 97, 116, 117, 114, 101, 34, 58, 110, 117, 108, 108, 44, 34, 115, 117, 109, 109, 111, 110, 105, 110, 103, 95, 115, 105, 99, 107, 34, 58, 102, 97, 108, 115, 101, 125, 44, 123, 34, 99, 97, 114, 100, 34, 58, 34, 102, 111, 114, 101, 115, 116, 34, 44, 34, 111, 119, 110, 101, 114, 34, 58, 49, 44, 34, 99, 111, 110, 116, 114, 111, 108, 108, 101, 114, 34, 58, 49, 44, 34, 116, 97, 112, 112, 101, 100, 34, 58, 102, 97, 108, 115, 101, 44, 34, 99, 114, 101, 97, 116, 117, 114, 101, 34, 58, 110, 117, 108, 108, 44, 34, 115, 117, 109, 109, 111, 110, 105, 110, 103, 95, 115, 105, 99, 107, 34, 58, 102, 97, 108, 115, 101, 125, 44, 123, 34, 99, 97, 114, 100, 34, 58, 34, 102, 111, 114, 101, 115, 116, 34, 44, 34, 111, 119, 110, 101, 114, 34, 58, 49, 44, 34, 99, 111, 110, 116, 114, 111, 108, 108, 101, 114, 34, 58, 49, 44, 34, 116, 97, 112, 112, 101, 100, 34, 58, 102, 97, 108, 115, 101, 44, 34, 99, 114, 101, 97, 116, 117, 114, 101, 34, 58, 110, 117, 108, 108, 44, 34, 115, 117, 109, 109, 111, 110, 105, 110, 103, 95, 115, 105, 99, 107, 34, 58, 102, 97, 108, 115, 101, 125, 44, 123, 34, 99, 97, 114, 100, 34, 58, 34, 102, 111, 114, 101, 115, 116, 34, 44, 34, 111, 119, 110, 101, 114, 34, 58, 49, 44, 34, 99, 111, 110, 116, 114, 111, 108, 108, 101, 114, 34, 58, 49, 44, 34, 116, 97, 112, 112, 101, 100, 34, 58, 102, 97, 108, 115, 101, 44, 34, 99, 114, 101, 97, 116, 117, 114, 101, 34, 58, 110, 117, 108, 108, 44, 34, 115, 117, 109, 109, 111, 110, 105, 110, 103, 95, 115, 105, 99, 107, 34, 58, 102, 97, 108, 115, 101, 125, 93, 44, 34, 112, 117, 98, 108, 105, 99, 95, 122, 111, 110, 101, 115, 34, 58, 91, 123, 34, 122, 111, 110, 101, 34, 58, 34, 103, 114, 97, 118, 101, 121, 97, 114, 100, 95, 48, 34, 44, 34, 99, 97, 114, 100, 115, 34, 58, 91, 93, 125, 44, 123, 34, 122, 111, 110, 101, 34, 58, 34, 103, 114, 97, 118, 101, 121, 97, 114, 100, 95, 49, 34, 44, 34, 99, 97, 114, 100, 115, 34, 58, 91, 93, 125, 44, 123, 34, 122, 111, 110, 101, 34, 58, 34, 98, 97, 116, 116, 108, 101, 102, 105, 101, 108, 100, 34, 44, 34, 99, 97, 114, 100, 115, 34, 58, 91, 93, 125, 44, 123, 34, 122, 111, 110, 101, 34, 58, 34, 115, 116, 97, 99, 107, 34, 44, 34, 99, 97, 114, 100, 115, 34, 58, 91, 93, 125, 44, 123, 34, 122, 111, 110, 101, 34, 58, 34, 101, 120, 105, 108, 101, 34, 44, 34, 99, 97, 114, 100, 115, 34, 58, 91, 93, 125, 93, 44, 34, 114, 101, 109, 101, 109, 98, 101, 114, 101, 100, 34, 58, 91, 93, 44, 34, 115, 116, 97, 114, 116, 105, 110, 103, 95, 115, 101, 97, 116, 34, 58, 48, 44, 34, 116, 117, 114, 110, 34, 58, 110, 117, 108, 108, 44, 34, 109, 97, 110, 97, 34, 58, 91, 91, 48, 44, 48, 44, 48, 44, 48, 44, 48, 44, 48, 93, 44, 91, 48, 44, 48, 44, 48, 44, 48, 44, 48, 44, 48, 93, 93, 44, 34, 97, 99, 116, 105, 110, 103, 95, 115, 101, 97, 116, 34, 58, 48, 44, 34, 111, 112, 101, 110, 105, 110, 103, 34, 58, 110, 117, 108, 108, 44, 34, 116, 101, 114, 109, 105, 110, 97, 108, 34, 58, 110, 117, 108, 108, 125, 44, 34, 100, 101, 99, 105, 115, 105, 111, 110, 34, 58, 123, 34, 103, 101, 110, 101, 114, 97, 116, 105, 111, 110, 34, 58, 49, 44, 34, 97, 99, 116, 111, 114, 34, 58, 48, 44, 34, 107, 105, 110, 100, 34, 58, 34, 107, 101, 101, 112, 95, 111, 114, 95, 109, 117, 108, 108, 105, 103, 97, 110, 34, 44, 34, 99, 111, 117, 110, 116, 34, 58, 49, 44, 34, 99, 97, 110, 100, 105, 100, 97, 116, 101, 115, 34, 58, 91, 123, 34, 107, 105, 110, 100, 34, 58, 34, 107, 101, 101, 112, 34, 125, 44, 123, 34, 107, 105, 110, 100, 34, 58, 34, 109, 117, 108, 108, 105, 103, 97, 110, 34, 125, 93, 44, 34, 108, 101, 103, 97, 108, 95, 109, 97, 115, 107, 34, 58, 91, 116, 114, 117, 101, 44, 116, 114, 117, 101, 93, 125, 44, 34, 117, 110, 115, 117, 112, 112, 111, 114, 116, 101, 100, 95, 102, 97, 109, 105, 108, 105, 101, 115, 34, 58, 91, 34, 115, 112, 101, 108, 108, 34, 44, 34, 99, 111, 109, 98, 97, 116, 34, 44, 34, 99, 108, 101, 97, 110, 117, 112, 95, 100, 105, 115, 99, 97, 114, 100, 34, 93, 125]
 right: [123, 34, 115, 99, 104, 101, 109, 97, 95, 118, 101, 114, 115, 105, 111, 110, 34, 58, 49, 44, 34, 118, 105, 101, 119, 34, 58, 123, 34, 115, 99, 104, 101, 109, 97, 95, 118, 101, 114, 115, 105, 111, 110, 34, 58, 49, 44, 34, 115, 101, 97, 116, 34, 58, 49, 44, 34, 108, 105, 102, 101, 34, 58, 91, 50, 48, 44, 50, 48, 93, 44, 34, 104, 97, 110, 100, 95, 99, 111, 117, 110, 116, 115, 34, 58, 91, 55, 44, 55, 93, 44, 34, 108, 105, 98, 114, 97, 114, 121, 95, 99, 111, 117, 110, 116, 115, 34, 58, 91, 51, 51, 44, 51, 51, 93, 44, 34, 104, 97, 110, 100, 34, 58, 91, 123, 34, 99, 97, 114, 100, 34, 58, 34, 109, 111, 117, 110, 116, 97, 105, 110, 34, 44, 34, 111, 119, 110, 101, 114, 34, 58, 49, 44, 34, 99, 111, 110, 116, 114, 111, 108, 108, 101, 114, 34, 58, 49, 44, 34, 116, 97, 112, 112, 101, 100, 34, 58, 102, 97, 108, 115, 101, 44, 34, 99, 114, 101, 97, 116, 117, 114, 101, 34, 58, 110, 117, 108, 108, 44, 34, 115, 117, 109, 109, 111, 110, 105, 110, 103, 95, 115, 105, 99, 107, 34, 58, 102, 97, 108, 115, 101, 125, 44, 123, 34, 99, 97, 114, 100, 34, 58, 34, 109, 111, 117, 110, 116, 97, 105, 110, 34, 44, 34, 111, 119, 110, 101, 114, 34, 58, 49, 44, 34, 99, 111, 110, 116, 114, 111, 108, 108, 101, 114, 34, 58, 49, 44, 34, 116, 97, 112, 112, 101, 100, 34, 58, 102, 97, 108, 115, 101, 44, 34, 99, 114, 101, 97, 116, 117, 114, 101, 34, 58, 110, 117, 108, 108, 44, 34, 115, 117, 109, 109, 111, 110, 105, 110, 103, 95, 115, 105, 99, 107, 34, 58, 102, 97, 108, 115, 101, 125, 44, 123, 34, 99, 97, 114, 100, 34, 58, 34, 109, 111, 117, 110, 116, 97, 105, 110, 34, 44, 34, 111, 119, 110, 101, 114, 34, 58, 49, 44, 34, 99, 111, 110, 116, 114, 111, 108, 108, 101, 114, 34, 58, 49, 44, 34, 116, 97, 112, 112, 101, 100, 34, 58, 102, 97, 108, 115, 101, 44, 34, 99, 114, 101, 97, 116, 117, 114, 101, 34, 58, 110, 117, 108, 108, 44, 34, 115, 117, 109, 109, 111, 110, 105, 110, 103, 95, 115, 105, 99, 107, 34, 58, 102, 97, 108, 115, 101, 125, 44, 123, 34, 99, 97, 114, 100, 34, 58, 34, 109, 111, 117, 110, 116, 97, 105, 110, 34, 44, 34, 111, 119, 110, 101, 114, 34, 58, 49, 44, 34, 99, 111, 110, 116, 114, 111, 108, 108, 101, 114, 34, 58, 49, 44, 34, 116, 97, 112, 112, 101, 100, 34, 58, 102, 97, 108, 115, 101, 44, 34, 99, 114, 101, 97, 116, 117, 114, 101, 34, 58, 110, 117, 108, 108, 44, 34, 115, 117, 109, 109, 111, 110, 105, 110, 103, 95, 115, 105, 99, 107, 34, 58, 102, 97, 108, 115, 101, 125, 44, 123, 34, 99, 97, 114, 100, 34, 58, 34, 109, 111, 117, 110, 116, 97, 105, 110, 34, 44, 34, 111, 119, 110, 101, 114, 34, 58, 49, 44, 34, 99, 111, 110, 116, 114, 111, 108, 108, 101, 114, 34, 58, 49, 44, 34, 116, 97, 112, 112, 101, 100, 34, 58, 102, 97, 108, 115, 101, 44, 34, 99, 114, 101, 97, 116, 117, 114, 101, 34, 58, 110, 117, 108, 108, 44, 34, 115, 117, 109, 109, 111, 110, 105, 110, 103, 95, 115, 105, 99, 107, 34, 58, 102, 97, 108, 115, 101, 125, 44, 123, 34, 99, 97, 114, 100, 34, 58, 34, 109, 111, 117, 110, 116, 97, 105, 110, 34, 44, 34, 111, 119, 110, 101, 114, 34, 58, 49, 44, 34, 99, 111, 110, 116, 114, 111, 108, 108, 101, 114, 34, 58, 49, 44, 34, 116, 97, 112, 112, 101, 100, 34, 58, 102, 97, 108, 115, 101, 44, 34, 99, 114, 101, 97, 116, 117, 114, 101, 34, 58, 110, 117, 108, 108, 44, 34, 115, 117, 109, 109, 111, 110, 105, 110, 103, 95, 115, 105, 99, 107, 34, 58, 102, 97, 108, 115, 101, 125, 44, 123, 34, 99, 97, 114, 100, 34, 58, 34, 109, 111, 117, 110, 116, 97, 105, 110, 34, 44, 34, 111, 119, 110, 101, 114, 34, 58, 49, 44, 34, 99, 111, 110, 116, 114, 111, 108, 108, 101, 114, 34, 58, 49, 44, 34, 116, 97, 112, 112, 101, 100, 34, 58, 102, 97, 108, 115, 101, 44, 34, 99, 114, 101, 97, 116, 117, 114, 101, 34, 58, 110, 117, 108, 108, 44, 34, 115, 117, 109, 109, 111, 110, 105, 110, 103, 95, 115, 105, 99, 107, 34, 58, 102, 97, 108, 115, 101, 125, 93, 44, 34, 112, 117, 98, 108, 105, 99, 95, 122, 111, 110, 101, 115, 34, 58, 91, 123, 34, 122, 111, 110, 101, 34, 58, 34, 103, 114, 97, 118, 101, 121, 97, 114, 100, 95, 48, 34, 44, 34, 99, 97, 114, 100, 115, 34, 58, 91, 93, 125, 44, 123, 34, 122, 111, 110, 101, 34, 58, 34, 103, 114, 97, 118, 101, 121, 97, 114, 100, 95, 49, 34, 44, 34, 99, 97, 114, 100, 115, 34, 58, 91, 93, 125, 44, 123, 34, 122, 111, 110, 101, 34, 58, 34, 98, 97, 116, 116, 108, 101, 102, 105, 101, 108, 100, 34, 44, 34, 99, 97, 114, 100, 115, 34, 58, 91, 93, 125, 44, 123, 34, 122, 111, 110, 101, 34, 58, 34, 115, 116, 97, 99, 107, 34, 44, 34, 99, 97, 114, 100, 115, 34, 58, 91, 93, 125, 44, 123, 34, 122, 111, 110, 101, 34, 58, 34, 101, 120, 105, 108, 101, 34, 44, 34, 99, 97, 114, 100, 115, 34, 58, 91, 93, 125, 93, 44, 34, 114, 101, 109, 101, 109, 98, 101, 114, 101, 100, 34, 58, 91, 93, 44, 34, 115, 116, 97, 114, 116, 105, 110, 103, 95, 115, 101, 97, 116, 34, 58, 48, 44, 34, 116, 117, 114, 110, 34, 58, 110, 117, 108, 108, 44, 34, 109, 97, 110, 97, 34, 58, 91, 91, 48, 44, 48, 44, 48, 44, 48, 44, 48, 44, 48, 93, 44, 91, 48, 44, 48, 44, 48, 44, 48, 44, 48, 44, 48, 93, 93, 44, 34, 97, 99, 116, 105, 110, 103, 95, 115, 101, 97, 116, 34, 58, 48, 44, 34, 111, 112, 101, 110, 105, 110, 103, 34, 58, 110, 117, 108, 108, 44, 34, 116, 101, 114, 109, 105, 110, 97, 108, 34, 58, 110, 117, 108, 108, 125, 44, 34, 100, 101, 99, 105, 115, 105, 111, 110, 34, 58, 123, 34, 103, 101, 110, 101, 114, 97, 116, 105, 111, 110, 34, 58, 49, 44, 34, 97, 99, 116, 111, 114, 34, 58, 48, 44, 34, 107, 105, 110, 100, 34, 58, 34, 107, 101, 101, 112, 95, 111, 114, 95, 109, 117, 108, 108, 105, 103, 97, 110, 34, 44, 34, 99, 111, 117, 110, 116, 34, 58, 49, 44, 34, 99, 97, 110, 100, 105, 100, 97, 116, 101, 115, 34, 58, 91, 123, 34, 107, 105, 110, 100, 34, 58, 34, 107, 101, 101, 112, 34, 125, 44, 123, 34, 107, 105, 110, 100, 34, 58, 34, 109, 117, 108, 108, 105, 103, 97, 110, 34, 125, 93, 44, 34, 108, 101, 103, 97, 108, 95, 109, 97, 115, 107, 34, 58, 91, 116, 114, 117, 101, 44, 116, 114, 117, 101, 93, 125, 44, 34, 117, 110, 115, 117, 112, 112, 111, 114, 116, 101, 100, 95, 102, 97, 109, 105, 108, 105, 101, 115, 34, 58, 91, 34, 115, 112, 101, 108, 108, 34, 44, 34, 99, 111, 109, 98, 97, 116, 34, 44, 34, 99, 108, 101, 97, 110, 117, 112, 95, 100, 105, 115, 99, 97, 114, 100, 34, 93, 125]
note: run with `RUST_BACKTRACE=1` environment variable to display a backtrace


failures:
    opening::policy::tests::policy_hidden_twins_and_invalid_inputs_preserve_full_state

test result: FAILED. 0 passed; 1 failed; 0 ignored; 0 measured; 107 filtered out; finished in 0.00s

   Compiling mtg-core v0.0.0 (/home/agent/.local/share/mtg-lab-symphony/workspaces/GH-110/crates/mtg-core)
    Finished `test` profile [unoptimized + debuginfo] target(s) in 0.78s
     Running unittests src/lib.rs (target/debug/deps/mtg_core-6a433e9b4f35bac6)
error: test failed, to rerun pass `-p mtg-core --lib`

Mutation: ignore-candidate-capacity

running 1 test
test opening::policy::tests::policy_hidden_twins_and_invalid_inputs_preserve_full_state ... FAILED

failures:

---- opening::policy::tests::policy_hidden_twins_and_invalid_inputs_preserve_full_state stdout ----

thread 'opening::policy::tests::policy_hidden_twins_and_invalid_inputs_preserve_full_state' (983) panicked at crates/mtg-core/src/policy_tests.rs:79:5:
assertion `left == right` failed
  left: Err(InvalidSelection)
 right: Err(CapacityExceeded)
note: run with `RUST_BACKTRACE=1` environment variable to display a backtrace


failures:
    opening::policy::tests::policy_hidden_twins_and_invalid_inputs_preserve_full_state

test result: FAILED. 0 passed; 1 failed; 0 ignored; 0 measured; 107 filtered out; finished in 0.00s

   Compiling mtg-core v0.0.0 (/home/agent/.local/share/mtg-lab-symphony/workspaces/GH-110/crates/mtg-core)
warning: unused variable: `capacity`
   --> crates/mtg-core/src/policy.rs:131:9
    |
131 |         capacity: usize,
    |         ^^^^^^^^ help: if this is intentional, prefix it with an underscore: `_capacity`
    |
    = note: `#[warn(unused_variables)]` (part of `#[warn(unused)]`) on by default

warning: `mtg-core` (lib test) generated 1 warning (run `cargo fix --lib -p mtg-core --tests` to apply 1 suggestion)
    Finished `test` profile [unoptimized + debuginfo] target(s) in 0.99s
     Running unittests src/lib.rs (target/debug/deps/mtg_core-6a433e9b4f35bac6)
error: test failed, to rerun pass `-p mtg-core --lib`
