opponent-hand-exposure: compiled mutant KILLED by views_library_privacy_positive

running 1 test
test opening::views::tests::views_library_privacy_positive ... FAILED

failures:

---- opening::views::tests::views_library_privacy_positive stdout ----

thread 'opening::views::tests::views_library_privacy_positive' (185) panicked at crates/mtg-core/src/views_tests.rs:63:9:
assertion `left == right` failed
  left: ["giant-growth"]
 right: ["mountain", "swab-goblin"]
note: run with `RUST_BACKTRACE=1` environment variable to display a backtrace


failures:
    opening::views::tests::views_library_privacy_positive

test result: FAILED. 0 passed; 1 failed; 0 ignored; 0 measured; 69 filtered out; finished in 0.00s

   Compiling mtg-core v0.0.0 (/home/agent/.local/share/mtg-lab-symphony/workspaces/GH-73/crates/mtg-core)
    Finished `test` profile [unoptimized + debuginfo] target(s) in 1.36s
     Running unittests src/lib.rs (target/debug/deps/mtg_core-1149e24de6207ff1)
error: test failed, to rerun pass `-p mtg-core --lib`

internal-store-identity: compiled mutant KILLED by views_library_privacy_negative_independent_states

running 1 test
test opening::views::tests::views_library_privacy_negative_independent_states ... FAILED

failures:

---- opening::views::tests::views_library_privacy_negative_independent_states stdout ----

thread 'opening::views::tests::views_library_privacy_negative_independent_states' (367) panicked at crates/mtg-core/src/views_tests.rs:93:9:
assertion `left == right` failed
  left: [123, 34, 115, 99, 104, 101, 109, 97, 95, 118, 101, 114, 115, 105, 111, 110, 34, 58, 49, 44, 34, 115, 101, 97, 116, 34, 58, 48, 44, 34, 108, 105, 102, 101, 34, 58, 91, 50, 48, 44, 50, 48, 93, 44, 34, 104, 97, 110, 100, 95, 99, 111, 117, 110, 116, 115, 34, 58, 91, 50, 44, 49, 93, 44, 34, 108, 105, 98, 114, 97, 114, 121, 95, 99, 111, 117, 110, 116, 115, 34, 58, 91, 48, 44, 50, 93, 44, 34, 104, 97, 110, 100, 34, 58, 91, 123, 34, 99, 97, 114, 100, 34, 58, 34, 109, 111, 117, 110, 116, 97, 105, 110, 34, 44, 34, 111, 119, 110, 101, 114, 34, 58, 48, 44, 34, 99, 111, 110, 116, 114, 111, 108, 108, 101, 114, 34, 58, 48, 44, 34, 116, 97, 112, 112, 101, 100, 34, 58, 102, 97, 108, 115, 101, 44, 34, 99, 114, 101, 97, 116, 117, 114, 101, 34, 58, 110, 117, 108, 108, 44, 34, 115, 117, 109, 109, 111, 110, 105, 110, 103, 95, 115, 105, 99, 107, 34, 58, 102, 97, 108, 115, 101, 125, 44, 123, 34, 99, 97, 114, 100, 34, 58, 34, 115, 119, 97, 98, 45, 103, 111, 98, 108, 105, 110, 34, 44, 34, 111, 119, 110, 101, 114, 34, 58, 48, 44, 34, 99, 111, 110, 116, 114, 111, 108, 108, 101, 114, 34, 58, 48, 44, 34, 116, 97, 112, 112, 101, 100, 34, 58, 102, 97, 108, 115, 101, 44, 34, 99, 114, 101, 97, 116, 117, 114, 101, 34, 58, 91, 50, 44, 50, 44, 48, 93, 44, 34, 115, 117, 109, 109, 111, 110, 105, 110, 103, 95, 115, 105, 99, 107, 34, 58, 102, 97, 108, 115, 101, 125, 93, 44, 34, 112, 117, 98, 108, 105, 99, 95, 122, 111, 110, 101, 115, 34, 58, 91, 123, 34, 122, 111, 110, 101, 34, 58, 34, 103, 114, 97, 118, 101, 121, 97, 114, 100, 95, 48, 34, 44, 34, 99, 97, 114, 100, 115, 34, 58, 91, 93, 125, 44, 123, 34, 122, 111, 110, 101, 34, 58, 34, 103, 114, 97, 118, 101, 121, 97, 114, 100, 95, 49, 34, 44, 34, 99, 97, 114, 100, 115, 34, 58, 91, 93, 125, 44, 123, 34, 122, 111, 110, 101, 34, 58, 34, 98, 97, 116, 116, 108, 101, 102, 105, 101, 108, 100, 34, 44, 34, 99, 97, 114, 100, 115, 34, 58, 91, 123, 34, 99, 97, 114, 100, 34, 58, 34, 98, 101, 97, 114, 45, 99, 117, 98, 34, 44, 34, 111, 119, 110, 101, 114, 34, 58, 49, 44, 34, 99, 111, 110, 116, 114, 111, 108, 108, 101, 114, 34, 58, 49, 44, 34, 116, 97, 112, 112, 101, 100, 34, 58, 102, 97, 108, 115, 101, 44, 34, 99, 114, 101, 97, 116, 117, 114, 101, 34, 58, 91, 50, 44, 50, 44, 48, 93, 44, 34, 115, 117, 109, 109, 111, 110, 105, 110, 103, 95, 115, 105, 99, 107, 34, 58, 102, 97, 108, 115, 101, 125, 93, 125, 44, 123, 34, 122, 111, 110, 101, 34, 58, 34, 115, 116, 97, 99, 107, 34, 44, 34, 99, 97, 114, 100, 115, 34, 58, 91, 93, 125, 44, 123, 34, 122, 111, 110, 101, 34, 58, 34, 101, 120, 105, 108, 101, 34, 44, 34, 99, 97, 114, 100, 115, 34, 58, 91, 93, 125, 93, 44, 34, 114, 101, 109, 101, 109, 98, 101, 114, 101, 100, 34, 58, 91, 123, 34, 99, 97, 114, 100, 34, 58, 34, 98, 101, 97, 114, 45, 99, 117, 98, 34, 44, 34, 111, 119, 110, 101, 114, 34, 58, 49, 44, 34, 122, 111, 110, 101, 95, 97, 116, 95, 114, 101, 118, 101, 97, 108, 34, 58, 34, 98, 97, 116, 116, 108, 101, 102, 105, 101, 108, 100, 34, 125, 93, 44, 34, 115, 116, 97, 114, 116, 105, 110, 103, 95, 115, 101, 97, 116, 34, 58, 48, 44, 34, 116, 117, 114, 110, 34, 58, 110, 117, 108, 108, 44, 34, 109, 97, 110, 97, 34, 58, 91, 91, 48, 44, 48, 44, 48, 44, 48, 44, 48, 44, 48, 93, 44, 91, 48, 44, 48, 44, 48, 44, 48, 44, 48, 44, 48, 93, 93, 44, 34, 97, 99, 116, 105, 110, 103, 95, 115, 101, 97, 116, 34, 58, 110, 117, 108, 108, 44, 34, 111, 112, 101, 110, 105, 110, 103, 34, 58, 110, 117, 108, 108, 44, 34, 116, 101, 114, 109, 105, 110, 97, 108, 34, 58, 110, 117, 108, 108, 125]
 right: [123, 34, 115, 99, 104, 101, 109, 97, 95, 118, 101, 114, 115, 105, 111, 110, 34, 58, 49, 44, 34, 115, 101, 97, 116, 34, 58, 48, 44, 34, 108, 105, 102, 101, 34, 58, 91, 50, 48, 44, 50, 48, 93, 44, 34, 104, 97, 110, 100, 95, 99, 111, 117, 110, 116, 115, 34, 58, 91, 50, 44, 49, 93, 44, 34, 108, 105, 98, 114, 97, 114, 121, 95, 99, 111, 117, 110, 116, 115, 34, 58, 91, 48, 44, 50, 93, 44, 34, 104, 97, 110, 100, 34, 58, 91, 123, 34, 99, 97, 114, 100, 34, 58, 34, 109, 111, 117, 110, 116, 97, 105, 110, 34, 44, 34, 111, 119, 110, 101, 114, 34, 58, 48, 44, 34, 99, 111, 110, 116, 114, 111, 108, 108, 101, 114, 34, 58, 48, 44, 34, 116, 97, 112, 112, 101, 100, 34, 58, 102, 97, 108, 115, 101, 44, 34, 99, 114, 101, 97, 116, 117, 114, 101, 34, 58, 110, 117, 108, 108, 44, 34, 115, 117, 109, 109, 111, 110, 105, 110, 103, 95, 115, 105, 99, 107, 34, 58, 102, 97, 108, 115, 101, 125, 44, 123, 34, 99, 97, 114, 100, 34, 58, 34, 115, 119, 97, 98, 45, 103, 111, 98, 108, 105, 110, 34, 44, 34, 111, 119, 110, 101, 114, 34, 58, 48, 44, 34, 99, 111, 110, 116, 114, 111, 108, 108, 101, 114, 34, 58, 48, 44, 34, 116, 97, 112, 112, 101, 100, 34, 58, 102, 97, 108, 115, 101, 44, 34, 99, 114, 101, 97, 116, 117, 114, 101, 34, 58, 91, 50, 44, 50, 44, 48, 93, 44, 34, 115, 117, 109, 109, 111, 110, 105, 110, 103, 95, 115, 105, 99, 107, 34, 58, 102, 97, 108, 115, 101, 125, 93, 44, 34, 112, 117, 98, 108, 105, 99, 95, 122, 111, 110, 101, 115, 34, 58, 91, 123, 34, 122, 111, 110, 101, 34, 58, 34, 103, 114, 97, 118, 101, 121, 97, 114, 100, 95, 48, 34, 44, 34, 99, 97, 114, 100, 115, 34, 58, 91, 93, 125, 44, 123, 34, 122, 111, 110, 101, 34, 58, 34, 103, 114, 97, 118, 101, 121, 97, 114, 100, 95, 49, 34, 44, 34, 99, 97, 114, 100, 115, 34, 58, 91, 93, 125, 44, 123, 34, 122, 111, 110, 101, 34, 58, 34, 98, 97, 116, 116, 108, 101, 102, 105, 101, 108, 100, 34, 44, 34, 99, 97, 114, 100, 115, 34, 58, 91, 123, 34, 99, 97, 114, 100, 34, 58, 34, 98, 101, 97, 114, 45, 99, 117, 98, 34, 44, 34, 111, 119, 110, 101, 114, 34, 58, 49, 44, 34, 99, 111, 110, 116, 114, 111, 108, 108, 101, 114, 34, 58, 49, 44, 34, 116, 97, 112, 112, 101, 100, 34, 58, 102, 97, 108, 115, 101, 44, 34, 99, 114, 101, 97, 116, 117, 114, 101, 34, 58, 91, 50, 44, 50, 44, 48, 93, 44, 34, 115, 117, 109, 109, 111, 110, 105, 110, 103, 95, 115, 105, 99, 107, 34, 58, 102, 97, 108, 115, 101, 125, 93, 125, 44, 123, 34, 122, 111, 110, 101, 34, 58, 34, 115, 116, 97, 99, 107, 34, 44, 34, 99, 97, 114, 100, 115, 34, 58, 91, 93, 125, 44, 123, 34, 122, 111, 110, 101, 34, 58, 34, 101, 120, 105, 108, 101, 34, 44, 34, 99, 97, 114, 100, 115, 34, 58, 91, 93, 125, 93, 44, 34, 114, 101, 109, 101, 109, 98, 101, 114, 101, 100, 34, 58, 91, 123, 34, 99, 97, 114, 100, 34, 58, 34, 98, 101, 97, 114, 45, 99, 117, 98, 34, 44, 34, 111, 119, 110, 101, 114, 34, 58, 49, 44, 34, 122, 111, 110, 101, 95, 97, 116, 95, 114, 101, 118, 101, 97, 108, 34, 58, 34, 98, 97, 116, 116, 108, 101, 102, 105, 101, 108, 100, 34, 125, 93, 44, 34, 115, 116, 97, 114, 116, 105, 110, 103, 95, 115, 101, 97, 116, 34, 58, 49, 44, 34, 116, 117, 114, 110, 34, 58, 110, 117, 108, 108, 44, 34, 109, 97, 110, 97, 34, 58, 91, 91, 48, 44, 48, 44, 48, 44, 48, 44, 48, 44, 48, 93, 44, 91, 48, 44, 48, 44, 48, 44, 48, 44, 48, 44, 48, 93, 93, 44, 34, 97, 99, 116, 105, 110, 103, 95, 115, 101, 97, 116, 34, 58, 110, 117, 108, 108, 44, 34, 111, 112, 101, 110, 105, 110, 103, 34, 58, 110, 117, 108, 108, 44, 34, 116, 101, 114, 109, 105, 110, 97, 108, 34, 58, 110, 117, 108, 108, 125]
note: run with `RUST_BACKTRACE=1` environment variable to display a backtrace


failures:
    opening::views::tests::views_library_privacy_negative_independent_states

test result: FAILED. 0 passed; 1 failed; 0 ignored; 0 measured; 69 filtered out; finished in 0.00s

   Compiling mtg-core v0.0.0 (/home/agent/.local/share/mtg-lab-symphony/workspaces/GH-73/crates/mtg-core)
    Finished `test` profile [unoptimized + debuginfo] target(s) in 1.56s
     Running unittests src/lib.rs (target/debug/deps/mtg_core-1149e24de6207ff1)
error: test failed, to rerun pass `-p mtg-core --lib`

retain-prior-episode-knowledge: compiled mutant KILLED by views_revelations_are_historical_seat_scoped_and_reset

running 1 test
test opening::views::tests::views_revelations_are_historical_seat_scoped_and_reset ... FAILED

failures:

---- opening::views::tests::views_revelations_are_historical_seat_scoped_and_reset stdout ----

thread 'opening::views::tests::views_revelations_are_historical_seat_scoped_and_reset' (549) panicked at crates/mtg-core/src/views_tests.rs:143:5:
assertion failed: g.observe(Seat::P0).unwrap().remembered.is_empty()
note: run with `RUST_BACKTRACE=1` environment variable to display a backtrace


failures:
    opening::views::tests::views_revelations_are_historical_seat_scoped_and_reset

test result: FAILED. 0 passed; 1 failed; 0 ignored; 0 measured; 69 filtered out; finished in 0.00s

   Compiling mtg-core v0.0.0 (/home/agent/.local/share/mtg-lab-symphony/workspaces/GH-73/crates/mtg-core)
    Finished `test` profile [unoptimized + debuginfo] target(s) in 1.82s
     Running unittests src/lib.rs (target/debug/deps/mtg_core-1149e24de6207ff1)
error: test failed, to rerun pass `-p mtg-core --lib`
